0	1147,79909
1	1147,79909
2	1147,79909
3	1147,79909
4	1147,79909
5	1147,79909
6	1147,79909
7	1127,43647
8	1127,43647
9	1081,38309
10	1081,38309
11	1081,38309
12	1060,80024
13	1060,80024
14	1060,80024
15	1060,80024
16	1060,80024
17	1060,80024
18	1060,80024
19	1060,80024
20	1060,80024
21	1031,56344
22	1031,56344
23	1031,56344
24	979,47776
25	979,47776
26	976,98659
27	976,98659
28	975,30138
29	950,31006
30	950,31006
31	948,49789
32	948,49789
33	948,49789
34	942,41784
35	942,41784
36	885,56937
37	884,31523
38	874,91431
39	785,80383
40	735,04063
41	735,04063
42	716,26303
43	716,26303
44	716,26303
45	709,13726
46	709,13726
47	709,03025
48	680,98878
49	680,98878
50	680,98878
51	653,28575
52	651,72817
53	649,98243
54	617,35281
55	588,34342
56	588,34342
57	588,34342
58	588,34342
59	587,87203
60	587,87203
61	587,87203
62	586,42299
63	586,42299
64	576,68140
65	576,68140
66	568,60857
67	568,60857
68	567,05983
69	567,05983
70	567,05983
71	567,05983
72	559,55055
73	559,55055
74	526,04390
75	526,04390
76	517,26315
77	517,26315
78	427,43710
79	427,43710
80	424,30010
81	424,30010
82	424,30010
83	412,66791
84	412,66791
85	412,66791
86	412,07842
87	402,17799
88	402,17799
89	402,17799
90	402,17799
91	402,17799
92	402,17799
93	385,23009
94	376,93394
95	376,93394
96	368,60465
97	305,27799
98	291,21878
99	290,20462
100	290,20462
101	290,20462
102	284,93990
103	284,86621
104	284,77338
105	284,77338
106	271,42256
107	271,42256
108	271,42256
109	271,42256
110	271,42256
111	261,56260
112	261,56260
113	261,56260
114	261,56260
115	261,56260
116	261,56260
117	248,75265
118	248,75265
119	216,14618
120	198,95569
121	198,95569
122	198,95569
123	198,95569
124	198,95569
125	198,95569
126	198,95569
127	198,95569
128	195,38947
129	195,38947
130	195,38947
131	195,03660
132	180,51768
133	180,51768
134	180,51768
135	174,72231
136	173,85617
137	173,85617
138	167,90850
139	165,55583
140	165,55583
141	165,33024
142	143,01317
143	143,01317
144	143,01317
145	143,01317
146	143,01317
147	143,01317
148	138,52061
149	138,52061
150	138,52061
151	138,48364
152	138,48364
153	138,27621
154	138,27621
155	138,27621
156	138,27621
157	138,27621
158	128,74588
159	128,74588
160	124,07105
161	124,00747
162	124,00747
163	124,00747
164	124,00747
165	123,35035
166	123,35035
167	123,33011
168	123,33011
169	123,27692
170	123,27692
171	123,27692
172	123,27692
173	123,27692
174	123,27692
175	123,27692
176	119,08865
177	116,51357
178	116,51357
179	116,48461
180	116,48461
181	116,48461
182	103,25958
183	103,05799
184	103,05799
185	103,05327
186	103,05327
187	103,05327
188	103,05327
189	103,05327
190	103,04015
191	101,45264
192	101,45264
193	101,45264
194	99,18319
195	99,18319
196	99,18319
197	99,18319
198	99,18319
199	99,18319
200	99,18290
201	99,18290
202	99,18290
203	98,61931
204	98,61931
205	98,61931
206	98,61931
207	98,61931
208	98,61931
209	98,61931
210	98,61931
211	97,83255
212	95,69438
213	95,21173
214	95,21173
215	95,21173
216	95,21173
217	94,76967
218	94,76967
219	94,76967
220	94,76967
221	94,76967
222	94,71464
223	94,71464
224	94,67567
225	94,67199
226	94,67199
227	94,67199
228	94,65660
229	94,65431
230	94,58108
231	94,58108
232	94,58108
233	94,58108
234	94,58108
235	94,52588
236	94,52087
237	94,52087
238	94,46041
239	89,18927
240	89,18927
241	89,15635
242	89,15635
243	89,15635
244	89,15635
245	89,15635
246	89,15635
247	88,62021
248	88,27975
249	88,25311
250	88,25311
251	88,25311
252	88,25311
253	88,05575
254	88,05575
255	88,05575
256	88,05135
257	88,05135
258	87,97286
259	19,07929
260	19,07929
261	19,07929
262	19,07828
263	19,07828
264	19,07828
265	19,07828
266	19,07828
267	19,07828
268	19,07828
269	17,02129
270	17,00599
271	17,00599
272	16,96636
273	16,96049
274	16,96049
275	16,96049
276	16,96049
277	16,48625
278	16,48625
279	16,45152
280	16,45152
281	16,45152
282	16,45152
283	16,45152
284	16,45152
285	16,45152
286	12,40884
287	12,02712
288	12,02712
289	12,02712
290	12,02712
291	12,02712
292	12,01244
293	12,01206
294	12,01206
295	12,01206
296	11,98890
297	11,92487
298	11,92487
299	11,92487
300	11,92047
301	11,91921
302	11,91921
303	11,91921
304	11,91500
305	11,90576
306	11,61811
307	11,61630
308	11,61600
309	11,61600
310	11,61600
311	11,61588
312	11,61588
313	6,43179
314	6,43075
315	6,38688
316	6,38359
317	6,23443
318	6,23443
319	6,23443
320	6,23443
321	6,23443
322	6,23443
323	6,23439
324	6,23070
325	6,23021
326	6,23021
327	6,23021
328	6,21899
329	6,21899
330	6,21899
331	6,21899
332	6,21899
333	6,21899
334	6,21899
335	6,21899
336	6,21867
337	6,21867
338	6,17551
339	6,17551
340	6,17551
341	5,92093
342	5,91765
343	5,91765
344	5,91765
345	5,90332
346	5,89991
347	5,84067
348	5,84067
349	5,84067
350	5,84066
351	5,84066
352	5,84066
353	5,84066
354	5,80326
355	5,80301
356	5,80301
357	5,80301
358	5,80301
359	5,80249
360	5,80249
361	5,80249
362	5,80249
363	5,61420
364	5,61420
365	5,61392
366	5,61392
367	5,58924
368	5,58924
369	5,58745
370	5,58745
371	5,58745
372	5,58596
373	5,58596
374	5,58392
375	5,49037
376	5,49037
377	5,49036
378	5,49036
379	5,49036
380	5,48952
381	5,48950
382	5,48950
383	5,48950
384	5,48950
385	5,48910
386	5,48874
387	5,48874
388	5,48874
389	5,48874
390	5,48874
391	5,48874
392	5,48874
393	5,48874
394	1,82243
395	1,82243
396	1,82228
397	1,82214
398	1,82214
399	1,67550
400	1,59986
401	1,59986
402	1,59986
403	1,59843
404	1,59832
405	1,59832
406	1,59832
407	1,57248
408	1,57150
409	1,55364
410	1,55359
411	1,55226
412	1,42409
413	1,42383
414	1,42383
415	1,42383
416	1,42383
417	1,42383
418	1,42157
419	1,42068
420	1,42068
421	1,42068
422	1,42003
423	1,42003
424	1,42001
425	1,42001
426	1,42001
427	1,42001
428	1,42001
429	1,41998
430	1,41998
431	1,41998
432	1,41998
433	1,41980
434	1,41980
435	1,41980
436	1,41980
437	1,41903
438	1,41903
439	1,17165
440	1,17163
441	1,15617
442	1,15617
443	1,15616
444	1,15611
445	1,15611
446	1,15611
447	1,15611
448	1,15603
449	1,15603
450	1,15603
451	1,15603
452	1,15528
453	1,14488
454	1,14488
455	1,14488
456	1,14488
457	1,14488
458	1,14488
459	1,14483
460	1,14483
461	1,14483
462	1,14483
463	1,14483
464	1,14483
465	1,14477
466	1,13927
467	1,13927
468	1,13927
469	1,13927
470	1,13927
471	1,13927
472	1,13927
473	1,13927
474	1,13910
475	1,13813
476	1,13813
477	1,13649
478	1,13649
479	1,13649
480	1,13649
481	1,10440
482	1,10440
483	1,10440
484	1,10440
485	1,10440
486	1,10440
487	1,10393
488	1,10360
489	1,10360
490	1,10360
491	1,10186
492	1,10186
493	1,10185
494	1,10185
495	1,10185
496	1,10185
497	1,10185
498	1,10185
499	1,10185
500	1,10185
501	1,10185
502	1,10185
503	1,10185
504	1,10176
505	1,10133
506	1,09934
507	1,09636
508	1,09477
509	1,09365
510	1,09365
511	1,09365
512	1,09365
513	1,09365
514	1,09365
515	1,09365
516	1,09365
517	1,09363
518	1,09363
519	1,09363
520	1,09363
521	1,09353
522	1,09353
523	1,09353
524	1,09352
525	1,09352
526	1,09352
527	1,09140
528	1,09140
529	1,09140
530	1,09140
531	1,09140
532	1,09140
533	1,09134
534	1,09134
535	1,09134
536	1,09134
537	1,09134
538	1,09134
539	1,09134
540	1,09134
541	1,09134
542	1,09110
543	1,09110
544	1,09078
545	1,09057
546	1,09057
547	1,09057
548	1,09057
549	1,09057
550	1,09057
551	1,09057
552	1,09057
553	1,09034
554	1,09034
555	1,09034
556	1,09034
557	1,09034
558	1,09034
559	1,09034
560	1,09034
561	1,09034
562	1,09034
563	1,04699
564	1,04699
565	1,04699
566	1,04699
567	1,04699
568	1,04699
569	1,04699
570	1,04698
571	1,04698
572	1,00149
573	1,00149
574	1,00149
575	1,00088
576	1,00088
577	0,99959
578	0,99959
579	0,99959
580	0,99959
581	0,99943
582	0,99943
583	0,99943
584	0,99943
585	0,99943
586	0,99721
587	0,99721
588	0,99527
589	0,99527
590	0,99527
591	0,99525
592	0,99525
593	0,99525
594	0,99525
595	0,99524
596	0,99524
597	0,99524
598	0,99415
599	0,99415
600	0,99415
601	0,99415
602	0,99415
603	0,99415
604	0,99414
605	0,99414
606	0,99414
607	0,99401
608	0,99401
609	0,99401
610	0,99401
611	0,99401
612	0,99401
613	0,99401
614	0,99401
615	0,99401
616	0,99401
617	0,99401
618	0,99401
619	0,99401
620	0,99381
621	0,99367
622	0,98577
623	0,98577
624	0,98554
625	0,98554
626	0,98554
627	0,98554
628	0,98554
629	0,98554
630	0,98554
631	0,98554
632	0,98554
633	0,98554
634	0,98554
635	0,98554
636	0,98554
637	0,98553
638	0,98542
639	0,98351
640	0,98351
641	0,98325
642	0,98325
643	0,98325
644	0,98324
645	0,98324
646	0,98324
647	0,98324
648	0,98324
649	0,98323
650	0,98323
651	0,98323
652	0,97477
653	0,97477
654	0,97477
655	0,97477
656	0,97477
657	0,97477
658	0,97477
659	0,97477
660	0,97465
661	0,97464
662	0,97464
663	0,97464
664	0,97464
665	0,97460
666	0,97460
667	0,97460
668	0,97460
669	0,97406
670	0,97406
671	0,97404
672	0,97399
673	0,97399
674	0,97399
675	0,97399
676	0,97399
677	0,97399
678	0,97385
679	0,97385
680	0,97385
681	0,90525
682	0,90525
683	0,90525
684	0,90525
685	0,90525
686	0,90525
687	0,90525
688	0,90525
689	0,90525
690	0,90525
691	0,90520
692	0,90520
693	0,90520
694	0,90520
695	0,90520
696	0,90520
697	0,90520
698	0,90507
699	0,90507
700	0,90507
701	0,90507
702	0,90507
703	0,90507
704	0,90434
705	0,90434
706	0,90434
707	0,90434
708	0,90434
709	0,90434
710	0,90434
711	0,90434
712	0,90434
713	0,90434
714	0,90434
715	0,90434
716	0,90434
717	0,90434
718	0,90434
719	0,90434
720	0,90434
721	0,90434
722	0,90434
723	0,90434
724	0,90434
725	0,90380
726	0,90380
727	0,90006
728	0,90006
729	0,90006
730	0,90006
731	0,90006
732	0,89828
733	0,89828
734	0,89828
735	0,89828
736	0,89828
737	0,89827
738	0,89826
739	0,89826
740	0,89825
741	0,89825
742	0,89825
743	0,89825
744	0,89825
745	0,89825
746	0,89825
747	0,89825
748	0,89825
749	0,89825
750	0,89825
751	0,89825
752	0,89823
753	0,89823
754	0,89822
755	0,89822
756	0,89821
757	0,89821
758	0,89821
759	0,89821
760	0,89821
761	0,89821
762	0,89821
763	0,89798
764	0,89798
765	0,89798
766	0,89798
767	0,89798
768	0,89798
769	0,89798
770	0,89798
771	0,89798
772	0,89795
773	0,89795
774	0,89791
775	0,89791
776	0,89791
777	0,89791
778	0,89791
779	0,89791
780	0,89791
781	0,89791
782	0,89791
783	0,89791
784	0,89791
785	0,89791
786	0,89791
787	0,89791
788	0,89791
789	0,89791
790	0,89621
791	0,89621
792	0,89621
793	0,89621
794	0,89621
795	0,89621
796	0,89621
797	0,89621
798	0,89621
799	0,89621
800	0,89621
801	0,89612
802	0,89612
803	0,89612
804	0,89612
805	0,89612
806	0,89611
807	0,89608
808	0,89608
809	0,89608
810	0,89608
811	0,89608
812	0,89604
813	0,89604
814	0,89528
815	0,89528
816	0,89528
817	0,89528
818	0,89528
819	0,89528
820	0,89528
821	0,89528
822	0,89528
823	0,89528
824	0,89528
825	0,89526
826	0,89526
827	0,89525
828	0,89525
829	0,89525
830	0,89525
831	0,89525
832	0,89525
833	0,89525
834	0,89525
835	0,89525
836	0,89522
837	0,89522
838	0,89522
839	0,89522
840	0,89522
841	0,89522
842	0,89522
843	0,89522
844	0,89522
845	0,89522
846	0,89522
847	0,89522
848	0,89522
849	0,89522
850	0,89522
851	0,89522
852	0,89519
853	0,89519
854	0,89519
855	0,89489
856	0,89489
857	0,89489
858	0,89489
859	0,89489
860	0,89489
861	0,89489
862	0,89489
863	0,89489
864	0,89489
865	0,89489
866	0,89488
867	0,89488
868	0,89488
869	0,89488
870	0,89488
871	0,89488
872	0,89488
873	0,89488
874	0,89488
875	0,89488
876	0,89488
877	0,89488
878	0,89488
879	0,89488
880	0,89487
881	0,89487
882	0,89487
883	0,89481
884	0,89481
885	0,89481
886	0,89481
887	0,89481
888	0,89481
889	0,89481
890	0,89481
891	0,89481
892	0,89481
893	0,89481
894	0,89481
895	0,89481
896	0,89481
897	0,89481
898	0,89481
899	0,89481
900	0,89481
901	0,89481
902	0,89481
903	0,89481
904	0,89481
905	0,89481
906	0,89481
907	0,89481
908	0,89481
909	0,89481
910	0,89480
911	0,89480
912	0,89480
913	0,89480
914	0,89480
915	0,89480
916	0,89480
917	0,89480
918	0,89480
919	0,89480
920	0,89480
921	0,89480
922	0,89480
923	0,89480
924	0,89480
925	0,89480
926	0,89480
927	0,89480
928	0,89480
929	0,89480
930	0,89480
931	0,89480
932	0,89480
933	0,89480
934	0,89480
935	0,89480
936	0,89480
937	0,89480
938	0,89480
939	0,89480
940	0,89480
941	0,89480
942	0,89480
943	0,89480
944	0,89480
945	0,89480
946	0,89480
947	0,89480
948	0,89480
949	0,89480
950	0,89480
951	0,89480
952	0,89480
953	0,89480
954	0,89480
955	0,89480
956	0,89480
957	0,89480
958	0,89480
959	0,89480
960	0,89480
961	0,89480
962	0,89480
963	0,89480
964	0,89480
965	0,89480
966	0,89480
967	0,89480
968	0,89480
969	0,89480
970	0,89480
971	0,89480
972	0,89480
973	0,89480
974	0,89480
975	0,89480
976	0,89480
977	0,89480
978	0,89480
979	0,89480
980	0,89480
981	0,89480
982	0,89480
983	0,89480
984	0,89480
985	0,89480
986	0,89480
987	0,89480
988	0,89480
989	0,89480
990	0,89480
991	0,89480
992	0,89480
993	0,89480
994	0,89480
995	0,89480
996	0,89480
997	0,89480
998	0,89480
999	0,89480
1000	0,89480
1001	0,89480
1002	0,89480
1003	0,89480
1004	0,89480
1005	0,89480
1006	0,89480
1007	0,89480
1008	0,89480
1009	0,89480
1010	0,89480
1011	0,89480
1012	0,89480
1013	0,89480
1014	0,89480
1015	0,89480
1016	0,89480
1017	0,89480
1018	0,89480
1019	0,89480
1020	0,89480
1021	0,89480
1022	0,89480
1023	0,89480
1024	0,89480
1025	0,89480
1026	0,89480
1027	0,89480
1028	0,89480
1029	0,89480
1030	0,89480
1031	0,89480
1032	0,89480
1033	0,89480
1034	0,89480
1035	0,89480
1036	0,89480
1037	0,89480
1038	0,89480
1039	0,89480
1040	0,89480
1041	0,89480
1042	0,89480
1043	0,89480
1044	0,89480
1045	0,89480
1046	0,89480
1047	0,89480
1048	0,89480
1049	0,89480
1050	0,89480
1051	0,89480
1052	0,89480
1053	0,89480
1054	0,89480
1055	0,89480
1056	0,89480
1057	0,89480
1058	0,89480
1059	0,89480
1060	0,89480
1061	0,89480
1062	0,89480
1063	0,89480
1064	0,89480
1065	0,89480
1066	0,89480
1067	0,89480
1068	0,89480
1069	0,89480
1070	0,89480
1071	0,89480
1072	0,89480
1073	0,89480
1074	0,89480
1075	0,89480
1076	0,89480
1077	0,89480
1078	0,89480
1079	0,89480
1080	0,89480
1081	0,89480
1082	0,89480
1083	0,89480
1084	0,89480
1085	0,89480
1086	0,89480
1087	0,89480
1088	0,89480
1089	0,89480
1090	0,89480
1091	0,89480
1092	0,89480
1093	0,89480
1094	0,89480
1095	0,89480
1096	0,89480
1097	0,89480
1098	0,89480
1099	0,89480
1100	0,89480
1101	0,89480
1102	0,89480
1103	0,89480
1104	0,89480
1105	0,89480
1106	0,89480
1107	0,89480
1108	0,89480
1109	0,89480
1110	0,89480
1111	0,89480
1112	0,89480
1113	0,89479
1114	0,89479
1115	0,89479
1116	0,89479
1117	0,89479
1118	0,89479
1119	0,89479
1120	0,89479
1121	0,89479
1122	0,89479
1123	0,89479
1124	0,89479
1125	0,89479
1126	0,89479
1127	0,89479
1128	0,89479
1129	0,89479
1130	0,89479
1131	0,89479
1132	0,89479
1133	0,89479
1134	0,89479
1135	0,89479
1136	0,89479
1137	0,89479
1138	0,89479
1139	0,89479
1140	0,89479
1141	0,89479
1142	0,89479
1143	0,89479
1144	0,89479
1145	0,89479
1146	0,89479
1147	0,89479
1148	0,89479
1149	0,89479
1150	0,89479
1151	0,89479
1152	0,89479
1153	0,89479
1154	0,89479
1155	0,89479
1156	0,89479
1157	0,89479
1158	0,89479
1159	0,89479
1160	0,89479
1161	0,89479
1162	0,89479
1163	0,89479
1164	0,89479
1165	0,89479
1166	0,89479
1167	0,89479
1168	0,89479
1169	0,89479
1170	0,89479
1171	0,89479
1172	0,89479
1173	0,89479
1174	0,89479
1175	0,89479
1176	0,89477
1177	0,89477
1178	0,89477
1179	0,89477
1180	0,89477
1181	0,89477
1182	0,89477
1183	0,89477
1184	0,89477
1185	0,89477
1186	0,89477
1187	0,89477
1188	0,89477
1189	0,89477
1190	0,89477
1191	0,89477
1192	0,89477
1193	0,89477
1194	0,89477
1195	0,89477
1196	0,89477
1197	0,89477
1198	0,89477
1199	0,89477
1200	0,89477
1201	0,89477
1202	0,89477
1203	0,89477
1204	0,89477
1205	0,89477
1206	0,89477
1207	0,89477
1208	0,89477
1209	0,89477
1210	0,89477
1211	0,89477
1212	0,89470
1213	0,89470
1214	0,89470
1215	0,89470
1216	0,89470
1217	0,89470
1218	0,89470
1219	0,89470
1220	0,89470
1221	0,89470
1222	0,89470
1223	0,89470
1224	0,89470
1225	0,89470
1226	0,89470
1227	0,89470
1228	0,89470
1229	0,89470
1230	0,89470
1231	0,89470
1232	0,89470
1233	0,89470
1234	0,89470
1235	0,89470
1236	0,89470
1237	0,89470
1238	0,89470
1239	0,89470
1240	0,89470
1241	0,89470
1242	0,89470
1243	0,89470
1244	0,89470
1245	0,89470
1246	0,89470
1247	0,89470
1248	0,89470
1249	0,89470
1250	0,89470
1251	0,89470
1252	0,89470
1253	0,89470
1254	0,89470
1255	0,89470
1256	0,89470
1257	0,89470
1258	0,89470
1259	0,89470
1260	0,89470
1261	0,89470
1262	0,89470
1263	0,89469
1264	0,89469
1265	0,89469
1266	0,89469
1267	0,89469
1268	0,89469
1269	0,89469
1270	0,89469
1271	0,89469
1272	0,89469
1273	0,89469
1274	0,89469
1275	0,89469
1276	0,89469
1277	0,89469
1278	0,89469
1279	0,89469
1280	0,89469
1281	0,89469
1282	0,89469
1283	0,89469
1284	0,89469
1285	0,89469
1286	0,89469
1287	0,89469
1288	0,89469
1289	0,89469
1290	0,89469
1291	0,89469
1292	0,89469
1293	0,89469
1294	0,89469
1295	0,89469
1296	0,89469
1297	0,89469
1298	0,89469
1299	0,89469
1300	0,89469
1301	0,89469
1302	0,89469
1303	0,89469
1304	0,89469
1305	0,89469
1306	0,89469
1307	0,89469
1308	0,89469
1309	0,89469
1310	0,89469
1311	0,89469
1312	0,89469
1313	0,89469
1314	0,89469
1315	0,89469
1316	0,89469
1317	0,89469
1318	0,89469
1319	0,89469
1320	0,89469
1321	0,89469
1322	0,89469
1323	0,89469
1324	0,89469
1325	0,89469
1326	0,89469
1327	0,89469
1328	0,89469
1329	0,89469
1330	0,89469
1331	0,89469
1332	0,89469
1333	0,89469
1334	0,89469
1335	0,89469
1336	0,89469
1337	0,89469
1338	0,89469
1339	0,89469
1340	0,89469
1341	0,89469
1342	0,89469
1343	0,89469
1344	0,89469
1345	0,89469
1346	0,89469
1347	0,89469
1348	0,89469
1349	0,89469
1350	0,89469
1351	0,89469
1352	0,89469
1353	0,89469
1354	0,89469
1355	0,89469
1356	0,89469
1357	0,89469
1358	0,89469
1359	0,89469
1360	0,89469
1361	0,89469
1362	0,89469
1363	0,89469
1364	0,89469
1365	0,89469
1366	0,89469
1367	0,89469
1368	0,89469
1369	0,89469
1370	0,89469
1371	0,89469
1372	0,89469
1373	0,89469
1374	0,89469
1375	0,89469
1376	0,89469
1377	0,89469
1378	0,89469
1379	0,89469
1380	0,89469
1381	0,89469
1382	0,89469
1383	0,89469
1384	0,89469
1385	0,89469
1386	0,89469
1387	0,89469
1388	0,89469
1389	0,89469
1390	0,89469
1391	0,89469
1392	0,89469
1393	0,89469
1394	0,89469
1395	0,89469
1396	0,89469
1397	0,89469
1398	0,89469
1399	0,89469
1400	0,89469
1401	0,89469
1402	0,89469
1403	0,89469
1404	0,89469
1405	0,89469
1406	0,89469
1407	0,89469
1408	0,89469
1409	0,89469
1410	0,89469
1411	0,89469
1412	0,89469
1413	0,89469
1414	0,89469
1415	0,89469
1416	0,89469
1417	0,89469
1418	0,89469
1419	0,89469
1420	0,89469
1421	0,89469
1422	0,89469
1423	0,89469
1424	0,89469
1425	0,89469
1426	0,89469
1427	0,89469
1428	0,89469
1429	0,89469
1430	0,89469
1431	0,89469
1432	0,89469
1433	0,89469
1434	0,89469
1435	0,89469
1436	0,89469
1437	0,89469
1438	0,89469
1439	0,89469
1440	0,89469
1441	0,89469
1442	0,89469
1443	0,89469
1444	0,89469
1445	0,89469
1446	0,89469
1447	0,89469
1448	0,89469
1449	0,89469
1450	0,89469
1451	0,89469
1452	0,89469
1453	0,89469
1454	0,89469
1455	0,89469
1456	0,89469
1457	0,89469
1458	0,89469
1459	0,89469
1460	0,89469
1461	0,89469
1462	0,89469
1463	0,89469
1464	0,89469
1465	0,89469
1466	0,89469
1467	0,89469
1468	0,89469
1469	0,89469
1470	0,89469
1471	0,89469
1472	0,89469
1473	0,89469
1474	0,89469
1475	0,89469
1476	0,89469
1477	0,89469
1478	0,89469
1479	0,89469
1480	0,89469
1481	0,89469
1482	0,89469
1483	0,89469
1484	0,89469
1485	0,89469
1486	0,89469
1487	0,89469
1488	0,89469
1489	0,89469
1490	0,89469
1491	0,89469
1492	0,89469
1493	0,89469
1494	0,89469
1495	0,89469
1496	0,89469
1497	0,89469
1498	0,89469
1499	0,89469
1500	0,89469
