0	888004445,78264
1	793454713,59400
2	793454713,59400
3	790513609,38502
4	790513609,38502
5	790513609,38502
6	790513609,38502
7	790513609,38502
8	737272159,42720
9	737272159,42720
10	737272159,42720
11	737272159,42720
12	712606897,00043
13	692708241,21863
14	692708241,21863
15	692708241,21863
16	662918300,22773
17	596091326,38387
18	596091326,38387
19	596091326,38387
20	593772551,51964
21	593772551,51964
22	593772551,51964
23	586616787,19846
24	497893747,27027
25	497893747,27027
26	497617119,36705
27	497617119,36705
28	445994114,02836
29	442133748,23260
30	425105992,13202
31	392415174,13460
32	392415174,13460
33	392415174,13460
34	392415174,13460
35	374572405,27646
36	374572405,27646
37	357010062,56902
38	357010062,56902
39	356793865,16918
40	356793865,16918
41	356793865,16918
42	356793865,16918
43	356793865,16918
44	356793865,16918
45	356793865,16918
46	352258616,51756
47	352258616,51756
48	352258616,51756
49	317122490,34650
50	317114880,21555
51	310596711,42279
52	310483897,83358
53	309215468,90831
54	309213416,52709
55	254461073,29184
56	254461073,29184
57	254461073,29184
58	254094441,07188
59	254094441,07188
60	253908306,15278
61	253802188,80512
62	253802188,80512
63	252890481,07091
64	252881308,99487
65	252881308,99487
66	252881308,99487
67	252881308,99487
68	252881308,99487
69	249004341,03120
70	246402724,64690
71	245378453,84075
72	245369628,64324
73	245369628,64324
74	245369628,64324
75	245369628,64324
76	245369628,64324
77	245369628,64324
78	245369628,64324
79	245369628,64324
80	235464713,56054
81	235464713,56054
82	235464713,56054
83	235464713,56054
84	235464713,56054
85	235459866,89645
86	231864791,38518
87	231864791,38518
88	231864791,38518
89	231864791,38518
90	231864791,38518
91	231864791,38518
92	231392644,14378
93	231337202,61515
94	231337202,61515
95	231337202,61515
96	231337202,61515
97	231337202,61515
98	231302670,46161
99	231302670,46161
100	231302670,46161
101	231302670,46161
102	231295941,69656
103	231295941,69656
104	231295941,69656
105	231295941,69656
106	231295941,69656
107	231295941,69656
108	231294619,02757
109	186350021,11481
110	186350021,11481
111	186321138,56197
112	186321138,56197
113	179901632,05174
114	179901632,05174
115	179901632,05174
116	179901632,05174
117	179897230,15155
118	179897230,15155
119	175559694,64603
120	174429473,05714
121	174429473,05714
122	88422693,90546
123	88422693,90546
124	88422693,90546
125	88321400,14346
126	88321400,14346
127	88321400,14346
128	88321400,14346
129	88321400,14346
130	88321400,14346
131	88321400,14346
132	88321400,14346
133	88321400,14346
134	88321400,14346
135	87316901,10398
136	87316901,10398
137	87316901,10398
138	87316901,10398
139	87316901,10398
140	86049561,19099
141	86049561,19099
142	86048686,63894
143	86048686,63894
144	81558006,99916
145	81492038,44294
146	81492038,44294
147	81492038,44294
148	81492038,44294
149	81417501,86638
150	81417501,86638
151	81417501,86638
152	76346305,78650
153	76346305,78650
154	76346305,78650
155	76346305,78650
156	76346305,78650
157	76346305,78650
158	76085484,37711
159	76085484,37711
160	76085484,37711
161	76085484,37711
162	76085484,37711
163	75650283,34067
164	75650283,34067
165	75650283,34067
166	75644156,51943
167	75644156,51943
168	74029347,38370
169	74029347,38370
170	74029347,38370
171	74029347,38370
172	74029347,38370
173	73940359,18100
174	73940359,18100
175	73940359,18100
176	73940359,18100
177	73940359,18100
178	73940280,34236
179	73939236,00367
180	73939236,00367
181	73939236,00367
182	73910976,01045
183	73910976,01045
184	73910976,01045
185	73910976,01045
186	73888454,41834
187	73888454,41834
188	73855270,64919
189	73845131,62373
190	73844856,58481
191	48841949,56455
192	48841949,56455
193	48841949,56455
194	48841949,56455
195	48841949,56455
196	48817464,06989
197	48817464,06989
198	48817464,06989
199	48817464,06989
200	48817464,06989
201	48817464,06989
202	48811311,38435
203	48811311,38435
204	48811311,38435
205	48778653,83538
206	48778653,83538
207	48778653,83538
208	47943694,19015
209	47943694,19015
210	47943694,19015
211	47943694,19015
212	47943128,80397
213	47943128,80397
214	47306438,95361
215	47306438,95361
216	47306438,95361
217	47306438,95361
218	47306438,95361
219	47306438,95361
220	47306438,95361
221	47306414,67594
222	47290373,27486
223	47290358,32234
224	47290358,32234
225	47290358,32234
226	47290358,32234
227	47290358,32234
228	47290358,32234
229	47275258,51591
230	47275258,51591
231	47275258,51591
232	47275258,51591
233	47268278,64732
234	47265855,39533
235	47265855,39533
236	15568080,52665
237	15363134,27720
238	2486360,05514
239	2486360,05514
240	2476407,07619
241	2476407,07619
242	2475073,04116
243	2475073,04116
244	2475073,04116
245	2475073,04116
246	2472314,17303
247	2032931,32587
248	2032566,75462
249	2032566,75462
250	2032566,75462
251	2032566,75462
252	2032566,75462
253	2032566,75462
254	2032566,75462
255	2032538,57131
256	2000685,39616
257	2000685,39616
258	1998405,37943
259	1998405,37943
260	1998405,37943
261	1998405,37943
262	1998405,37943
263	1998099,04493
264	1998099,04493
265	1998099,04493
266	1998099,04493
267	1998099,04493
268	1998099,04493
269	1997615,83380
270	1997615,83380
271	1989248,60498
272	1989248,60498
273	1989248,60498
274	1674281,10964
275	1674281,10964
276	1674281,10964
277	1674281,10964
278	1672557,11462
279	1672557,11462
280	1672557,11462
281	1672557,11462
282	1247617,53965
283	1247617,53965
284	1247617,53965
285	1247617,53965
286	1247025,05047
287	1247025,05047
288	1246096,12434
289	1246096,12434
290	1245439,73045
291	1245439,73045
292	1092264,59776
293	1092264,59776
294	1092264,59776
295	1092264,59776
296	1092264,59776
297	1092264,59776
298	1089963,58088
299	1089963,58088
300	1089963,58088
301	1089963,58088
302	1089963,58088
303	1089963,58088
304	980822,60937
305	980822,60937
306	980822,60937
307	975860,56592
308	951211,56260
309	951211,56260
310	949808,61897
311	949808,61897
312	876341,29835
313	876341,29835
314	876341,29835
315	876341,29835
316	876341,29835
317	876341,29835
318	876341,29835
319	876341,29835
320	876341,29835
321	875090,24416
322	874859,49010
323	874859,49010
324	874859,49010
325	874859,49010
326	874859,49010
327	874859,49010
328	874859,49010
329	874859,49010
330	874815,46927
331	868800,69373
332	868800,69373
333	868798,28689
334	868798,28689
335	868765,21138
336	867789,43220
337	867368,03158
338	867368,03158
339	867368,03158
340	867368,03158
341	867368,03158
342	867368,03158
343	867368,03158
344	867346,42915
345	867346,42915
346	867346,42915
347	867346,42915
348	866450,85365
349	860645,10537
350	860645,10537
351	860645,10537
352	860645,10537
353	860017,88481
354	857505,24485
355	857505,24485
356	857505,24485
357	857505,24485
358	857505,24485
359	857172,39064
360	857172,39064
361	857156,46400
362	856555,61406
363	856555,61406
364	856555,61406
365	856555,61406
366	856555,61406
367	856555,61406
368	856555,61406
369	856555,61406
370	856421,83565
371	850561,52677
372	850561,52677
373	850561,52677
374	850561,52677
375	849948,42719
376	849948,42719
377	849948,42719
378	826433,71833
379	826433,71833
380	826260,73208
381	826260,73208
382	826260,73208
383	826260,73208
384	826260,73208
385	825976,57330
386	825976,57330
387	825976,57330
388	825976,57330
389	825821,91678
390	824717,35306
391	824566,04293
392	824566,04293
393	824566,04293
394	824566,04293
395	824566,04293
396	243599,26631
397	243599,26631
398	243599,26631
399	243462,04845
400	243327,12448
401	243326,18766
402	243326,18766
403	243262,52880
404	243262,52880
405	243262,52880
406	243251,34346
407	243123,47249
408	243123,47249
409	241121,61426
410	240726,81786
411	240726,81786
412	240585,22778
413	240585,22778
414	240219,00186
415	240219,00186
416	240219,00186
417	240219,00186
418	240219,00186
419	240035,87697
420	240035,87697
421	240035,87697
422	240035,87697
423	238841,51391
424	238841,51391
425	238841,51391
426	238660,23906
427	238660,23906
428	238654,94692
429	238654,94692
430	238654,94692
431	238654,94692
432	163702,68087
433	163702,68087
434	163702,68087
435	163701,40481
436	163701,40481
437	163701,40481
438	163701,40481
439	163701,40481
440	163701,40481
441	163701,40481
442	163679,00007
443	163679,00007
444	163679,00007
445	163679,00007
446	163679,00007
447	163679,00007
448	163679,00007
449	163679,00007
450	163485,93558
451	163485,93558
452	163485,93558
453	163485,93558
454	163485,93558
455	163485,93558
456	163485,93558
457	163485,93558
458	163485,93558
459	163485,93558
460	163485,93558
461	163485,93558
462	163485,93558
463	163485,93558
464	163485,93558
465	163485,93558
466	163476,10821
467	163476,10821
468	163476,10821
469	163476,10821
470	163476,10821
471	163476,10821
472	163476,10821
473	163476,10821
474	162581,19974
475	162581,19974
476	162581,19974
477	162554,34422
478	162554,34422
479	162554,34422
480	162522,40753
481	162522,40753
482	162522,40753
483	162512,51571
484	162512,51571
485	162512,51571
486	162512,51571
487	162512,51571
488	162512,51571
489	162512,51571
490	162512,51571
491	162512,51571
492	161838,60600
493	161213,41897
494	161195,65825
495	161195,65825
496	161195,65825
497	161195,65825
498	161195,65825
499	161195,65825
500	161178,87307
501	161120,71410
502	161120,71410
503	161120,71410
504	161120,71410
505	161115,69739
506	161115,69739
507	161115,69739
508	161115,69739
509	161115,69739
510	161115,69739
511	161115,69739
512	161115,69739
513	161069,55050
514	161069,55050
515	161069,55050
516	161069,55050
517	160934,03999
518	160934,03999
519	160934,03999
520	160934,03999
521	160934,03999
522	160934,03999
523	160934,03999
524	160934,03999
525	160934,03999
526	160934,03999
527	160934,03999
528	160934,03999
529	160934,03999
530	160934,03999
531	160934,03999
532	160934,03999
533	160909,33225
534	160909,33225
535	160909,33225
536	160909,33225
537	160909,33225
538	160909,33225
539	160909,33225
540	160909,33225
541	160909,33225
542	160909,33225
543	160909,33225
544	160909,33225
545	160906,74272
546	160906,74272
547	160906,74272
548	6180,65702
549	6178,99399
550	6178,99399
551	6178,99399
552	6178,99399
553	6178,99399
554	6174,90033
555	5610,95643
556	5610,95643
557	5610,95643
558	5610,95643
559	4790,38756
560	4790,38756
561	4788,67767
562	4788,67767
563	4788,67767
564	4788,67767
565	4788,67767
566	4788,67767
567	4788,67767
568	4788,67767
569	4786,36109
570	4783,40659
571	4780,87830
572	4780,87830
573	4780,87830
574	4780,87830
575	4780,87830
576	4780,87830
577	4756,13680
578	4749,58651
579	4749,58651
580	4749,58651
581	4749,58651
582	4749,58651
583	4749,58651
584	4749,58651
585	4749,58651
586	4749,58651
587	4749,58651
588	4749,58651
589	4747,95855
590	4747,95855
591	4747,95855
592	4747,95855
593	4715,50380
594	4715,50380
595	4712,67672
596	4712,67672
597	4701,06974
598	4701,06974
599	4701,06974
600	3551,51474
601	3551,51474
602	3551,51474
603	3551,51474
604	3551,51474
605	3549,22663
606	3549,22663
607	3549,22663
608	3549,22663
609	3549,22663
610	3549,22663
611	3549,22663
612	3549,22663
613	3549,22663
614	3541,29681
615	3541,29681
616	3539,76873
617	3539,76873
618	3539,76873
619	3539,76873
620	3532,99604
621	3532,99604
622	3532,99604
623	3532,99604
624	3532,99604
625	3530,39022
626	3530,39022
627	3530,39022
628	3530,39022
629	3530,39022
630	3530,39022
631	3530,39022
632	3530,39022
633	3530,39022
634	3530,39022
635	3530,39022
636	3530,39022
637	3530,39022
638	3519,77943
639	3519,77943
640	3519,77943
641	3519,77943
642	3519,77943
643	3519,77943
644	3519,77943
645	3509,03632
646	3508,83646
647	3508,83646
648	3508,83646
649	3508,83646
650	3508,83646
651	3508,83646
652	3508,83646
653	3458,56513
654	3458,56513
655	3447,80180
656	3447,80180
657	3447,80180
658	3447,80180
659	3447,80180
660	3447,80180
661	3447,80180
662	3447,80180
663	3447,80180
664	3447,80180
665	3447,80180
666	3447,80180
667	3447,80180
668	3447,80180
669	3441,23090
670	3441,23090
671	3441,23090
672	3441,23090
673	3436,35108
674	3436,35108
675	3430,95492
676	3430,95492
677	3430,95492
678	3430,95492
679	3428,54380
680	3428,54380
681	3428,54380
682	3428,54380
683	3409,27461
684	3409,27461
685	3409,27461
686	3409,27461
687	3387,14982
688	3387,14982
689	3387,14982
690	3387,14982
691	3387,14982
692	3376,97493
693	3376,97493
694	3376,97493
695	3376,97493
696	3376,97493
697	3376,97493
698	3376,97493
699	3376,97493
700	3376,97493
701	3376,97493
702	3376,97493
703	3376,97493
704	3376,97493
705	3376,97493
706	3376,97493
707	3376,97493
708	3376,97493
709	3375,44469
710	3375,44469
711	3373,53838
712	3373,53838
713	3373,53838
714	3373,53838
715	3373,53838
716	3373,53838
717	3373,53838
718	3373,53838
719	3373,53838
720	3373,53838
721	3373,53838
722	3373,53838
723	3373,53838
724	3373,53838
725	3315,61212
726	3315,61212
727	3315,61212
728	3315,46698
729	3315,46698
730	3315,46698
731	3315,46698
732	2169,60445
733	2169,60445
734	2169,60445
735	2169,60445
736	2169,60445
737	2169,60445
738	2169,60445
739	2169,60445
740	2169,60445
741	2169,60445
742	2169,60445
743	2169,60445
744	2169,60445
745	2169,60445
746	2169,60445
747	2169,29718
748	2168,96506
749	2168,96506
750	2168,96506
751	2168,96506
752	2168,96506
753	2168,96506
754	2168,96506
755	2168,96506
756	2168,96506
757	2168,96506
758	2168,84611
759	2168,84611
760	2168,84611
761	2168,84611
762	2168,84611
763	2168,84611
764	2168,84611
765	2168,84611
766	2168,84611
767	2168,84611
768	2164,91211
769	2164,91211
770	2164,91211
771	2164,91211
772	2145,08469
773	2145,08469
774	2145,08469
775	2145,08469
776	1928,74188
777	1928,74188
778	1928,74188
779	1928,74188
780	1928,74188
781	1928,74188
782	1928,74188
783	1928,74188
784	1928,74188
785	1928,74188
786	1928,74188
787	1928,74188
788	1928,74188
789	1928,74188
790	1928,74188
791	1928,74188
792	1928,74188
793	1928,74188
794	1928,74188
795	1928,74188
796	1928,74188
797	1927,36006
798	1927,36006
799	1927,36006
800	1927,36006
801	1926,06182
802	1926,06182
803	1926,06182
804	1926,06182
805	1926,06182
806	1926,06182
807	1926,06182
808	1926,06182
809	1926,06182
810	1926,06182
811	1926,06182
812	1926,06182
813	1926,06182
814	1926,06182
815	1926,06182
816	1926,06182
817	1926,06182
818	1926,06182
819	1926,06182
820	1926,06182
821	1926,06182
822	1926,06182
823	1920,53637
824	1919,12990
825	1919,12990
826	1919,12990
827	1919,12990
828	1919,12990
829	1919,12990
830	1919,12990
831	1918,85607
832	1918,85607
833	1918,85607
834	1912,67337
835	1912,67337
836	1912,67337
837	1912,67337
838	1912,67337
839	1912,67337
840	1912,67337
841	1911,22140
842	1911,22140
843	1911,22140
844	1911,22140
845	1911,22140
846	1808,01155
847	1805,15863
848	1805,15863
849	1805,15863
850	1805,15863
851	1805,07151
852	1804,69919
853	1804,69919
854	1804,69919
855	1804,69919
856	1804,69919
857	1804,61645
858	1804,36570
859	1804,36570
860	1804,36570
861	1804,36570
862	1804,36570
863	1804,36570
864	1804,01924
865	1804,01924
866	1804,01924
867	1804,01924
868	1804,01924
869	1804,01924
870	1803,00013
871	1803,00013
872	1803,00013
873	1801,92311
874	1800,98478
875	1800,98478
876	1800,98478
877	1800,98478
878	1800,98478
879	1800,98478
880	1800,98478
881	1800,98478
882	1800,98478
883	1800,98478
884	1800,98478
885	1800,98478
886	1800,98478
887	1800,98478
888	1799,24946
889	1799,24946
890	1799,24946
891	1799,24946
892	1799,24946
893	1799,24946
894	1799,22683
895	1799,22683
896	1799,22683
897	1799,22683
898	1799,22683
899	1799,22683
900	1799,22683
901	1799,22683
902	1799,22683
903	1799,22683
904	1799,22683
905	1798,88954
906	1798,88954
907	1798,88954
908	1798,24810
909	1798,24810
910	1798,24810
911	1798,02047
912	1798,02047
913	1798,02047
914	1798,02047
915	1798,02047
916	1798,02047
917	1798,02047
918	1798,02047
919	1798,02047
920	1798,02047
921	1798,02047
922	1798,02047
923	1798,02047
924	1798,02047
925	1798,02047
926	1798,02047
927	1798,02047
928	1798,02047
929	1798,02047
930	1798,02047
931	1795,94660
932	1795,94660
933	1795,94660
934	1795,94660
935	1795,94660
936	1795,94660
937	1795,94660
938	1795,94660
939	1795,94660
940	1795,94660
941	1795,94660
942	1795,60547
943	1795,60547
944	1795,60547
945	1795,36389
946	1795,36389
947	1795,36389
948	1795,36389
949	1795,36389
950	1795,36389
951	1795,36389
952	1795,36389
953	1795,36389
954	1795,36389
955	1795,36389
956	1795,36389
957	1795,36389
958	1795,36389
959	1795,36389
960	1795,36389
961	1795,36389
962	1795,36389
963	1795,36389
964	1795,36389
965	1795,36389
966	1795,36389
967	1795,36389
968	1795,36389
969	1795,36389
970	1795,36389
971	1795,36389
972	1795,36389
973	1795,36389
974	1795,36389
975	1795,36389
976	1795,36389
977	1795,36389
978	1795,36389
979	1795,36389
980	1795,36389
981	1795,36389
982	1795,36389
983	1795,36389
984	1795,36389
985	1795,36389
986	1795,36389
987	1795,36389
988	1795,36389
989	1795,36389
990	1795,36389
991	1795,36389
992	1795,36389
993	1795,36389
994	1795,36389
995	1795,36389
996	1795,36389
997	1795,36389
998	1795,36389
999	1795,36389
1000	1795,04116
1001	1795,04116
1002	1795,04116
1003	1795,04116
1004	1795,04116
1005	1795,04116
1006	1795,04116
1007	1795,04116
1008	1795,04116
1009	1795,04116
1010	1795,04116
1011	1795,04116
1012	1795,04116
1013	1795,04116
1014	1795,04116
1015	1795,04116
1016	1795,04116
1017	1795,04116
1018	1795,04116
1019	1795,04116
1020	1794,81661
1021	1794,81661
1022	1794,81661
1023	1794,81661
1024	1794,81661
1025	1794,81661
1026	1794,81661
1027	1794,81661
1028	1794,81661
1029	1794,81661
1030	1794,81661
1031	1793,87621
1032	1793,87621
1033	1793,87621
1034	1793,87621
1035	1793,87621
1036	1793,87621
1037	1725,50201
1038	1725,50201
1039	1725,50201
1040	1725,50201
1041	1725,50201
1042	1725,50201
1043	1725,50201
1044	1725,50201
1045	1723,24460
1046	1723,24460
1047	1723,24460
1048	1723,24460
1049	1723,24460
1050	1723,24460
1051	1723,24460
1052	1723,24460
1053	1723,24460
1054	1723,05654
1055	1723,05654
1056	1723,05654
1057	1723,05654
1058	1702,70147
1059	1702,70147
1060	1702,70147
1061	1702,70147
1062	1702,70147
1063	1702,70147
1064	1702,70147
1065	1702,70147
1066	1702,70147
1067	1702,70147
1068	1702,70147
1069	1702,70147
1070	1702,70147
1071	1702,70147
1072	1702,70147
1073	1702,70147
1074	1702,70147
1075	1702,70147
1076	1702,70147
1077	1702,51766
1078	1702,51766
1079	1702,51766
1080	1702,51766
1081	1702,51766
1082	1702,43881
1083	1702,43881
1084	1702,43881
1085	1702,43881
1086	1702,43881
1087	1702,43881
1088	1702,43881
1089	1702,22692
1090	1700,23800
1091	1700,23800
1092	1700,21746
1093	1700,21746
1094	1700,21746
1095	1700,21746
1096	1700,21746
1097	1700,21746
1098	1700,21746
1099	1700,21746
1100	1700,21746
1101	1700,21746
1102	1700,21746
1103	1700,21746
1104	1700,21746
1105	1700,21746
1106	1700,21746
1107	1700,21746
1108	1700,21746
1109	1700,21746
1110	1700,21746
1111	1700,21746
1112	1700,21746
1113	1700,21746
1114	1699,77728
1115	1699,77728
1116	1699,77728
1117	1699,77728
1118	1699,77728
1119	1699,77728
1120	1699,77728
1121	1699,77728
1122	1699,77728
1123	1699,77728
1124	1699,77728
1125	1699,77728
1126	1699,77728
1127	1699,77728
1128	1699,77728
1129	1699,58814
1130	1699,58814
1131	1699,58814
1132	1699,58814
1133	1699,58814
1134	1699,58814
1135	1699,58814
1136	1699,58814
1137	1699,55180
1138	1699,55180
1139	1699,55180
1140	1699,55180
1141	1699,55180
1142	1699,55180
1143	1699,55180
1144	1699,55180
1145	1699,55180
1146	1699,55180
1147	1699,55180
1148	1699,55180
1149	1699,55180
1150	1699,55180
1151	1699,55180
1152	1699,55180
1153	1699,55180
1154	1699,55180
1155	1699,55180
1156	1699,55180
1157	1699,07372
1158	1699,07372
1159	1699,07372
1160	1696,17709
1161	1696,17709
1162	1696,17709
1163	1696,17709
1164	1696,17709
1165	1696,17709
1166	1696,17709
1167	1696,17709
1168	1696,17709
1169	1693,15919
1170	1693,15919
1171	1693,15919
1172	1693,15919
1173	1693,15919
1174	1693,15919
1175	1693,15919
1176	1693,15919
1177	1693,15919
1178	1693,15919
1179	1693,15919
1180	1693,15919
1181	1693,15919
1182	1693,15919
1183	1691,94591
1184	1691,94591
1185	1691,94591
1186	1691,94591
1187	1691,94591
1188	1691,94591
1189	1691,94591
1190	1691,94591
1191	1691,94591
1192	1691,94591
1193	1691,94591
1194	1691,94591
1195	1691,94591
1196	1691,94591
1197	1691,94591
1198	1691,94591
1199	1691,94591
1200	1691,69493
1201	1691,69493
1202	1691,69493
1203	1691,69493
1204	1691,69493
1205	1691,69493
1206	1691,69493
1207	1691,69493
1208	1691,69493
1209	1691,69493
1210	1691,69493
1211	1691,69493
1212	1691,69493
1213	1691,69493
1214	1691,69493
1215	1691,69493
1216	1691,45747
1217	1691,45747
1218	1691,45747
1219	1691,45747
1220	1691,45747
1221	1691,45747
1222	1691,45747
1223	1691,45747
1224	1691,45747
1225	1691,45747
1226	1691,45747
1227	1691,45747
1228	1691,45747
1229	1691,45747
1230	1691,45747
1231	1691,45747
1232	1691,45747
1233	1691,10610
1234	1691,10610
1235	1691,10610
1236	1691,10610
1237	1691,10610
1238	1691,10610
1239	1691,10610
1240	1691,10610
1241	1691,10610
1242	1691,10610
1243	1691,10610
1244	1691,10610
1245	1691,10610
1246	1691,10610
1247	1691,10610
1248	1691,10610
1249	1691,10610
1250	1691,10610
1251	1691,10610
1252	1691,10610
1253	1691,10610
1254	1691,10610
1255	1691,10610
1256	1691,10610
1257	1691,10610
1258	1691,10610
1259	1691,10610
1260	1688,81715
1261	1688,81715
1262	1688,81715
1263	1688,73436
1264	1688,73436
1265	1688,73436
1266	1688,73436
1267	1688,73436
1268	1688,73436
1269	1688,73436
1270	1688,73436
1271	1688,73436
1272	1688,73436
1273	1688,73436
1274	1688,73436
1275	1688,73436
1276	1688,73436
1277	1688,73436
1278	1688,73436
1279	1688,73436
1280	1688,73436
1281	1688,73436
1282	1688,73436
1283	1688,73436
1284	1686,76273
1285	1686,76273
1286	1686,76273
1287	1686,76273
1288	1686,76273
1289	1686,76273
1290	1686,76273
1291	1686,76273
1292	1686,76273
1293	1686,76273
1294	1685,56478
1295	1685,56478
1296	1685,52654
1297	1685,52654
1298	1685,52654
1299	1685,52654
1300	1685,52654
1301	1685,52654
1302	1685,24714
1303	1685,24714
1304	1112,02821
1305	1112,02821
1306	1112,02821
1307	1112,02821
1308	1112,02821
1309	1112,02821
1310	1112,02821
1311	1112,02821
1312	1112,02821
1313	1112,02821
1314	1112,02821
1315	1112,00922
1316	1112,00922
1317	1112,00922
1318	1112,00922
1319	1112,00922
1320	1112,00922
1321	1112,00922
1322	1112,00922
1323	1112,00922
1324	1112,00922
1325	1112,00922
1326	1112,00922
1327	1112,00922
1328	1112,00922
1329	1112,00922
1330	1111,87029
1331	1111,46993
1332	1111,46993
1333	1111,46993
1334	1111,46993
1335	1111,46993
1336	1111,46993
1337	1111,46993
1338	1111,46993
1339	1111,46993
1340	1111,46993
1341	1111,46993
1342	1111,46993
1343	1111,46993
1344	1111,46993
1345	1111,46993
1346	1111,46993
1347	1111,46993
1348	1111,46993
1349	1111,46993
1350	1111,37571
1351	1111,37571
1352	1111,37571
1353	1111,37571
1354	1111,37571
1355	1111,37571
1356	1111,37571
1357	1111,37571
1358	1111,37571
1359	1111,37571
1360	1111,29865
1361	1111,29865
1362	1111,29865
1363	1111,29865
1364	1111,29865
1365	1111,29865
1366	1111,29865
1367	1111,29865
1368	1111,29865
1369	1111,29865
1370	1111,29865
1371	1111,29865
1372	1111,29865
1373	1111,29865
1374	1108,71232
1375	1108,71232
1376	1108,71232
1377	1108,71232
1378	1108,71232
1379	1108,21891
1380	1108,21891
1381	1108,21891
1382	1108,21891
1383	1108,21891
1384	1108,21891
1385	1108,21891
1386	1108,21891
1387	1108,21891
1388	1108,21891
1389	1108,21891
1390	1108,21121
1391	1108,21121
1392	1108,21121
1393	1108,21121
1394	1108,21121
1395	1108,21121
1396	1107,27093
1397	1107,27093
1398	1107,27093
1399	1107,27093
1400	1107,27093
1401	1107,27093
1402	1107,27093
1403	1107,27093
1404	1107,27093
1405	1104,67562
1406	1104,67562
1407	1104,67562
1408	1104,67562
1409	1104,67562
1410	1104,67562
1411	1104,67562
1412	1104,67562
1413	1104,67562
1414	1104,67562
1415	1104,67562
1416	1104,67562
1417	1104,67562
1418	1104,67562
1419	1104,67562
1420	1104,67562
1421	1104,67562
1422	1104,67562
1423	1104,67562
1424	1104,67562
1425	1104,67562
1426	1104,67562
1427	1104,67562
1428	1104,67562
1429	1104,67562
1430	1104,67562
1431	1104,67562
1432	1104,67562
1433	1104,67562
1434	1104,67562
1435	1104,67562
1436	1104,67562
1437	1104,67562
1438	1104,67562
1439	1104,67562
1440	1104,67562
1441	1104,67562
1442	1104,67562
1443	1104,67562
1444	1104,67562
1445	1104,67078
1446	1104,67078
1447	1104,67078
1448	1104,47251
1449	1104,47251
1450	1104,47251
1451	1104,47251
1452	1104,47251
1453	1104,47251
1454	1104,47251
1455	1104,47251
1456	1104,47251
1457	1104,47251
1458	1104,47251
1459	1104,47251
1460	1104,47251
1461	1104,47251
1462	1104,47251
1463	1104,19787
1464	1104,19787
1465	1104,19787
1466	1104,19787
1467	1104,19787
1468	1104,19787
1469	1104,19787
1470	1104,19787
1471	1103,09731
1472	1103,09731
1473	1103,09731
1474	1103,09731
1475	1103,09731
1476	1103,09731
1477	1103,09731
1478	1103,09731
1479	1103,09731
1480	1103,09731
1481	1103,09731
1482	1103,09731
1483	1103,09731
1484	1100,61801
1485	1100,61801
1486	1100,61801
1487	1100,61801
1488	1100,61801
1489	1097,13445
1490	1097,13445
1491	1097,13445
1492	1097,13445
1493	1097,13445
1494	1097,13445
1495	1097,13445
1496	1097,13445
1497	1097,13445
1498	1097,13445
1499	1097,13445
1500	1097,13445
1501	1096,92013
1502	1096,92013
1503	1096,92013
1504	1096,92013
1505	1096,92013
1506	1096,92013
1507	1096,92013
1508	1096,92013
1509	1096,92013
1510	1096,92013
1511	1096,92013
1512	1096,92013
1513	1096,92013
1514	1096,92013
1515	1096,92013
1516	1096,92013
1517	1096,92013
1518	1096,92013
1519	1096,92013
1520	1096,92013
1521	1096,92013
1522	1096,92013
1523	1096,92013
1524	1096,92013
1525	1096,92013
1526	1096,92013
1527	1096,92013
1528	1096,92013
1529	1096,92013
1530	1096,92013
1531	1096,92013
1532	1095,56318
1533	1095,56318
1534	1095,56318
1535	1095,56318
1536	1095,56318
1537	1095,56318
1538	1095,56318
1539	1095,56318
1540	1095,56318
1541	1095,56318
1542	1095,56318
1543	1095,56318
1544	1095,56318
1545	1095,56318
1546	1095,56318
1547	1095,56318
1548	1095,56318
1549	1095,56318
1550	1095,56318
1551	1095,56318
1552	1095,56318
1553	1095,56318
1554	1095,56318
1555	1095,56318
1556	1095,56318
1557	1095,56318
1558	1095,56318
1559	1095,56318
1560	1095,56318
1561	1095,56318
1562	1095,56318
1563	1095,56318
1564	1095,56318
1565	1095,56318
1566	1095,56318
1567	1095,55443
1568	1094,92981
1569	1094,92981
1570	1094,92981
1571	1094,92981
1572	1094,92981
1573	1094,92981
1574	1094,92981
1575	1094,92981
1576	1092,44978
1577	1092,42733
1578	1092,42733
1579	1091,91668
1580	1091,91668
1581	1091,91668
1582	1091,91668
1583	1091,91668
1584	1091,91668
1585	1090,20439
1586	1088,75944
1587	1088,75944
1588	1088,75944
1589	1088,75944
1590	1088,75944
1591	1088,75944
1592	1088,75944
1593	1088,75944
1594	1088,75944
1595	1088,75944
1596	1088,75944
1597	1088,75944
1598	1088,75944
1599	1088,75944
1600	1088,75944
1601	1088,75944
1602	1088,75944
1603	1088,75944
1604	1088,75944
1605	1088,75944
1606	1088,75944
1607	1088,75944
1608	1088,75944
1609	1088,75944
1610	1088,75944
1611	1088,75944
1612	1088,75944
1613	1088,75944
1614	1088,75944
1615	1088,75944
1616	1088,75944
1617	1088,75944
1618	1088,75944
1619	1088,75944
1620	1088,75944
1621	1088,75944
1622	1087,60855
1623	1087,60855
1624	1087,60855
1625	1087,60855
1626	1087,60855
1627	1087,60855
1628	1087,60855
1629	1087,60855
1630	1087,60855
1631	1087,60855
1632	1087,60855
1633	1087,60855
1634	1087,60855
1635	1087,60855
1636	1087,60855
1637	1087,60855
1638	1087,60855
1639	1087,60855
1640	1087,60855
1641	1087,43263
1642	1086,17968
1643	1086,17968
1644	1086,17968
1645	1086,17968
1646	1086,17968
1647	1086,17968
1648	1086,17968
1649	1086,17968
1650	1086,17968
1651	1086,17968
1652	1086,14661
1653	1086,14661
1654	1086,14661
1655	1086,14661
1656	1086,14661
1657	1086,14661
1658	1086,14661
1659	1086,14661
1660	1086,14661
1661	1086,14661
1662	1086,14661
1663	1086,14661
1664	1086,14661
1665	1086,14661
1666	1086,14661
1667	1086,14661
1668	1086,14661
1669	1086,14661
1670	1086,14661
1671	1086,14661
1672	1086,14661
1673	1086,14661
1674	1086,14661
1675	1086,14661
1676	1086,14661
1677	1086,14661
1678	1086,14661
1679	1086,14661
1680	1086,14661
1681	1086,14661
1682	1086,14661
1683	1086,14661
1684	1086,14661
1685	1086,14661
1686	1086,14661
1687	1086,14661
1688	1086,14661
1689	1086,14661
1690	1086,14661
1691	1086,14661
1692	1086,14661
1693	1086,14661
1694	1086,14661
1695	1086,14661
1696	1086,14661
1697	1086,14661
1698	1086,14661
1699	1086,14661
1700	1086,14661
1701	1086,14661
1702	1086,14661
1703	1086,14661
1704	1086,14661
1705	1086,14661
1706	1085,91064
1707	1085,91064
1708	1085,91064
1709	1085,91064
1710	1085,91064
1711	1085,91064
1712	1085,91064
1713	1085,91064
1714	1085,91064
1715	1085,91064
1716	1085,91064
1717	1085,91064
1718	1085,91064
1719	1085,91064
1720	1085,91064
1721	1085,91064
1722	1085,91064
1723	1085,91064
1724	1085,91064
1725	1085,91064
1726	1085,91064
1727	1085,91064
1728	1085,91064
1729	1085,91064
1730	1085,91064
1731	1083,91978
1732	1083,91978
1733	1083,91978
1734	1083,91978
1735	1083,91978
1736	1083,70156
1737	1083,70156
1738	1083,70156
1739	1083,70156
1740	1083,70156
1741	1083,70156
1742	1083,40942
1743	1083,40942
1744	1083,40942
1745	1083,40942
1746	1083,40942
1747	1083,40942
1748	1083,40942
1749	1083,40942
1750	1083,40942
1751	1083,40942
1752	1083,35591
1753	1083,35591
1754	1083,35591
1755	1083,35591
1756	1083,35591
1757	1083,35591
1758	1083,35591
1759	1083,35591
1760	1083,35591
1761	1083,35591
1762	1083,35591
1763	1083,35591
1764	1083,35591
1765	1083,35591
1766	1083,35591
1767	1083,35591
1768	1083,35591
1769	1083,35591
1770	1083,35591
1771	1083,35591
1772	1083,35591
1773	1083,35591
1774	1083,35591
1775	1083,35591
1776	1083,35591
1777	1083,35591
1778	1083,35591
1779	1083,35591
1780	1083,35591
1781	1082,83648
1782	1036,43005
1783	1036,43005
1784	1036,43005
1785	1036,43005
1786	1036,43005
1787	1036,43005
1788	1036,43005
1789	1036,43005
1790	1036,43005
1791	1036,43005
1792	1036,43005
1793	1036,43005
1794	1036,43005
1795	1036,43005
1796	1036,43005
1797	1036,43005
1798	1036,43005
1799	1036,43005
1800	1036,43005
1801	1036,43005
1802	1036,43005
1803	1036,43005
1804	1036,43005
1805	1036,43005
1806	1036,43005
1807	1036,43005
1808	1036,43005
1809	1036,43005
1810	1036,43005
1811	1036,16879
1812	1036,16879
1813	1036,16879
1814	1036,16879
1815	1036,16879
1816	1036,16879
1817	1036,16879
1818	1036,16879
1819	1036,16879
1820	1036,16879
1821	1036,16879
1822	1036,16879
1823	1036,16879
1824	1036,16879
1825	1036,16879
1826	1036,16879
1827	1036,14800
1828	1036,14800
1829	1036,14800
1830	1036,14800
1831	1036,14800
1832	1036,14800
1833	1036,14800
1834	1036,14800
1835	1036,14800
1836	1036,14800
1837	1036,14800
1838	1036,14800
1839	1036,14800
1840	1036,14800
1841	1036,14800
1842	1036,14800
1843	1036,14800
1844	1036,14800
1845	1036,14800
1846	1036,14800
1847	1036,14800
1848	1036,14800
1849	1036,14800
1850	1036,14800
1851	1036,14800
1852	1036,14800
1853	1036,14800
1854	1036,14800
1855	1036,14800
1856	1036,14800
1857	1036,14800
1858	1036,14800
1859	1036,14800
1860	1036,08984
1861	1036,08984
1862	1034,84530
1863	1034,84530
1864	1034,82563
1865	1034,58586
1866	1034,58586
1867	1034,58586
1868	1034,58586
1869	1034,58586
1870	1034,58586
1871	1033,41860
1872	1033,41860
1873	1033,41860
1874	1033,41860
1875	1033,41361
1876	1033,41361
1877	1033,41361
1878	1033,41361
1879	1033,41361
1880	1033,40933
1881	1033,40933
1882	1033,40933
1883	1033,40933
1884	1033,40933
1885	1033,40933
1886	1033,40933
1887	1033,40933
1888	1033,40933
1889	1033,40933
1890	1033,40933
1891	1033,40933
1892	1033,40933
1893	1033,40933
1894	1033,40933
1895	1033,40933
1896	1033,40933
1897	1033,40933
1898	1033,40933
1899	1033,38554
1900	1033,38554
1901	1033,38554
1902	1033,38554
1903	1033,38554
1904	1033,38554
1905	1033,38554
1906	1033,38554
1907	1033,38554
1908	1033,38554
1909	1033,38554
1910	1033,38554
1911	1033,38554
1912	1033,38554
1913	1033,38554
1914	1033,38554
1915	1033,38554
1916	1033,38554
1917	1033,38554
1918	1033,38554
1919	1033,38554
1920	1033,38554
1921	1033,38554
1922	1033,38554
1923	1033,38554
1924	1033,38554
1925	1033,38554
1926	1033,38554
1927	1033,38554
1928	1033,38554
1929	1033,22728
1930	1033,22728
1931	1033,22728
1932	1033,22728
1933	1033,22497
1934	1033,22497
1935	1033,22497
1936	1033,22497
1937	1032,74007
1938	1032,74007
1939	1032,74007
1940	1032,74007
1941	1032,74007
1942	1032,74007
1943	1032,67110
1944	1032,67110
1945	1032,67110
1946	1032,67110
1947	1032,67110
1948	1032,52127
1949	1032,52127
1950	1032,52127
1951	1032,52127
1952	1032,52127
1953	1032,52127
1954	1032,52127
1955	1032,52127
1956	1032,52127
1957	1032,52127
1958	1032,52127
1959	1032,52127
1960	1032,52127
1961	1032,52127
1962	1032,52127
1963	1032,52127
1964	1032,52127
1965	1032,52127
1966	1032,52127
1967	1032,52127
1968	1032,52127
1969	1032,52127
1970	1032,52127
1971	1032,52127
1972	1032,52127
1973	1032,52127
1974	1032,52127
1975	1032,52127
1976	1032,52127
1977	1032,52127
1978	1032,52127
1979	1032,52127
1980	1032,52127
1981	1032,52127
1982	1032,52127
1983	1032,52127
1984	1032,52127
1985	1032,52127
1986	1032,52127
1987	1032,52127
1988	1032,52127
1989	1032,52127
1990	1032,52127
1991	1032,52127
1992	1032,52127
1993	1032,52127
1994	1032,52127
1995	1032,52127
1996	1032,52127
1997	1032,52127
1998	1032,52127
1999	1032,52127
2000	1032,52127
2001	1032,52127
2002	1032,52127
2003	1032,52127
2004	1032,52127
2005	1032,52127
2006	1032,52127
2007	1032,52127
2008	1032,52127
2009	1032,52127
2010	1032,52127
2011	1032,52127
2012	1030,79033
2013	1030,79033
2014	1030,79033
2015	1030,79033
2016	1030,79033
2017	1030,79033
2018	1030,73308
2019	1030,73308
2020	1030,73308
2021	1030,73308
2022	1030,73308
2023	1030,73308
2024	1030,73308
2025	1030,73308
2026	1030,73308
2027	1030,73308
2028	1030,73308
2029	1030,73308
2030	1030,73308
2031	1030,73308
2032	1030,73308
2033	1030,73308
2034	1030,73308
2035	1030,73308
2036	1030,73308
2037	1030,71082
2038	1030,71082
2039	1030,71082
2040	1030,71082
2041	1030,71082
2042	1030,71082
2043	1030,71082
2044	1029,00586
2045	1029,00586
2046	1029,00586
2047	1027,59171
2048	1027,59171
2049	1027,59171
2050	1027,59171
2051	1027,59171
2052	1027,59171
2053	1027,59171
2054	1027,59171
2055	1027,59171
2056	1027,59171
2057	1027,59171
2058	1027,59171
2059	1027,59171
2060	1027,59171
2061	1027,59171
2062	1027,59171
2063	1027,59171
2064	1027,59171
2065	1027,59171
2066	1027,59171
2067	1027,59171
2068	1027,59171
2069	1026,97015
2070	1026,97015
2071	1026,97015
2072	1026,97015
2073	1026,97015
2074	1026,97015
2075	1026,97015
2076	1026,97015
2077	1026,97015
2078	1026,97015
2079	1026,97015
2080	1026,97015
2081	1026,97015
2082	1026,97015
2083	1026,97015
2084	1026,97015
2085	1026,97015
2086	1026,97015
2087	1026,97015
2088	1026,97015
2089	1026,97015
2090	1026,97015
2091	1026,97015
2092	1026,97015
2093	1026,97015
2094	1026,97015
2095	1026,97015
2096	1026,97015
2097	1026,97015
2098	1026,97015
2099	1026,97015
2100	1026,97015
2101	1026,97015
2102	1026,97015
2103	1026,97015
2104	1026,97015
2105	1026,97015
2106	1026,97015
2107	1026,97015
2108	1026,96797
2109	1026,96797
2110	1026,96797
2111	1026,96797
2112	1026,96797
2113	1026,96797
2114	1026,87723
2115	1026,87723
2116	1026,87723
2117	1026,64612
2118	1026,64612
2119	1026,64612
2120	1026,64612
2121	1026,64612
2122	1026,38024
2123	1026,38024
2124	1026,38024
2125	1026,38024
2126	1026,38024
2127	1026,38024
2128	1026,38024
2129	1026,38024
2130	1026,38024
2131	1026,38024
2132	1026,38024
2133	1026,38024
2134	1026,38024
2135	1026,38024
2136	1026,38024
2137	1026,38024
2138	1026,38024
2139	1026,38024
2140	1026,38024
2141	1026,38024
2142	1026,33368
2143	1026,33368
2144	1026,33368
2145	1026,12505
2146	1026,12505
2147	1026,12505
2148	1026,12505
2149	1026,12505
2150	1026,12505
2151	1026,12505
2152	1026,12505
2153	1026,12505
2154	1026,12505
2155	1026,12485
2156	1026,12485
2157	1026,12485
2158	1026,08524
2159	1026,08524
2160	1026,08524
2161	1026,08524
2162	1026,08524
2163	1025,48865
2164	1025,48865
2165	1025,48865
2166	1025,48865
2167	1025,48865
2168	1025,48865
2169	1025,48865
2170	1025,48865
2171	1025,48865
2172	1025,48865
2173	1025,48024
2174	1025,48024
2175	1025,48024
2176	1025,48024
2177	1025,48024
2178	1025,48024
2179	1025,48024
2180	1025,48024
2181	1025,48024
2182	1025,48024
2183	1025,48024
2184	1025,48024
2185	1025,48024
2186	1025,48024
2187	1025,48024
2188	1025,48024
2189	1025,48024
2190	1025,48024
2191	1025,48024
2192	1025,48024
2193	1025,48024
2194	1025,48024
2195	1025,48024
2196	1025,48024
2197	1025,48024
2198	1025,48024
2199	1025,48024
2200	1025,48024
2201	1025,48024
2202	1025,48024
2203	1025,48024
2204	1022,88879
2205	1022,88879
2206	1022,88879
2207	1022,88879
2208	1022,88879
2209	1022,88879
2210	1022,88879
2211	1022,88879
2212	1022,88879
2213	1022,88879
2214	1022,88879
2215	1022,88879
2216	1022,88879
2217	1022,88879
2218	1022,88879
2219	1022,88879
2220	1022,88879
2221	1022,88879
2222	1022,88879
2223	1022,86718
2224	1022,86718
2225	1022,86718
2226	1022,86718
2227	1022,86718
2228	1022,86718
2229	1022,86718
2230	1022,86718
2231	1022,86718
2232	1022,86504
2233	1022,86504
2234	1022,85642
2235	1022,85642
2236	1022,85642
2237	1022,85642
2238	1022,85642
2239	1022,85642
2240	1022,85642
2241	1022,85642
2242	1022,85642
2243	1022,85058
2244	1022,85058
2245	1022,85058
2246	1022,85058
2247	1022,85058
2248	1022,85058
2249	1022,85058
2250	1022,85058
2251	1022,85058
2252	1022,85058
2253	1022,85058
2254	1022,85058
2255	1022,85058
2256	1022,85058
2257	1022,85058
2258	1022,85058
2259	1022,85058
2260	1022,85058
2261	1022,85058
2262	1022,85058
2263	1022,85058
2264	1022,85058
2265	1022,85058
2266	1022,85058
2267	1022,85058
2268	1022,85058
2269	1022,85058
2270	1022,85058
2271	1022,85058
2272	1022,85058
2273	1022,85058
2274	1022,85058
2275	1022,85058
2276	1022,85058
2277	1022,85058
2278	1022,85058
2279	1022,85058
2280	1022,85058
2281	1022,85058
2282	1022,85058
2283	1022,85058
2284	1022,85058
2285	1022,16212
2286	1022,16212
2287	1022,16212
2288	1022,16212
2289	1022,16212
2290	1022,16212
2291	1022,16212
2292	1022,16212
2293	1022,16212
2294	1022,16212
2295	1022,16212
2296	1022,16212
2297	1022,16212
2298	1022,16212
2299	1022,16212
2300	1022,16212
2301	1022,16212
2302	1022,16212
2303	1022,16212
2304	1022,16212
2305	1022,16212
2306	1022,16212
2307	1022,16212
2308	1022,16212
2309	1022,16212
2310	1022,16212
2311	1022,16212
2312	1022,16212
2313	1022,16212
2314	1022,16212
2315	1022,16212
2316	1022,16212
2317	1022,16212
2318	1022,16212
2319	1022,16212
2320	1022,16212
2321	1022,16212
2322	1022,16212
2323	1022,16212
2324	1022,16212
2325	1022,16212
2326	1022,16212
2327	1022,16212
2328	1022,16212
2329	1022,16212
2330	1022,16212
2331	1022,16212
2332	1022,16212
2333	1022,16212
2334	1022,16212
2335	1022,16212
2336	1022,16212
2337	1022,11695
2338	1022,11695
2339	1022,11695
2340	1022,11695
2341	1022,11695
2342	1022,11695
2343	1020,88091
2344	1020,88091
2345	1020,88091
2346	1020,88091
2347	1020,88091
2348	1020,88091
2349	1020,88091
2350	1020,88091
2351	1020,88091
2352	1020,88091
2353	1020,88091
2354	1020,88091
2355	1020,88091
2356	1020,88091
2357	1020,88091
2358	1020,88091
2359	1020,88091
2360	1020,88091
2361	1020,88091
2362	1020,88091
2363	1020,87597
2364	1020,87597
2365	1020,87597
2366	1020,87597
2367	1020,87597
2368	1020,87597
2369	1020,87597
2370	1020,87597
2371	1020,87597
2372	1020,87597
2373	1020,87597
2374	1020,87597
2375	1020,87597
2376	1020,87597
2377	1020,87597
2378	1020,87597
2379	1020,87597
2380	1020,87597
2381	1020,87597
2382	1020,87597
2383	1020,87176
2384	1020,87176
2385	1020,87176
2386	1020,87176
2387	1020,87176
2388	1020,87176
2389	1020,87176
2390	1020,87176
2391	1020,87176
2392	1020,87176
2393	1020,87176
2394	1020,75550
2395	1020,75550
2396	1020,75550
2397	1020,75550
2398	1020,75550
2399	1020,75550
2400	1020,75550
2401	1020,75550
2402	1020,75550
2403	1020,75550
2404	1020,75550
2405	1020,75550
2406	1020,75550
2407	1020,75550
2408	1020,75550
2409	1020,75550
2410	1020,75550
2411	1020,75550
2412	1020,75550
2413	1020,63978
2414	1020,63978
2415	1020,63978
2416	1020,63978
2417	1020,43220
2418	1020,43220
2419	1020,43220
2420	1020,43220
2421	1020,43093
2422	1020,43093
2423	1020,43093
2424	1020,43093
2425	1020,43093
2426	1020,43093
2427	1020,43093
2428	1020,43093
2429	1020,43093
2430	1020,43093
2431	1020,43093
2432	1020,43093
2433	1020,43093
2434	1019,21886
2435	1019,21886
2436	1019,21886
2437	1019,21886
2438	1019,21886
2439	1019,21886
2440	1019,21886
2441	1019,21886
2442	1018,62569
2443	1018,62569
2444	1018,62569
2445	1018,62569
2446	1018,62569
2447	1018,62569
2448	1018,62569
2449	1018,60695
2450	1017,76158
2451	1017,76158
2452	1017,76158
2453	1017,76158
2454	1017,76158
2455	1017,76158
2456	1017,76158
2457	1017,76158
2458	1017,76158
2459	1017,76158
2460	1017,76158
2461	1017,76158
2462	1017,76158
2463	1017,76158
2464	1017,76158
2465	1017,76158
2466	1017,76158
2467	1017,76158
2468	1017,76158
2469	1017,76158
2470	1017,76158
2471	1017,76158
2472	1017,76158
2473	1017,76158
2474	1017,76158
2475	1017,76158
2476	1017,76158
2477	1017,76158
2478	1017,76158
2479	1017,70468
2480	1017,70468
2481	1017,70468
2482	1017,70468
2483	1017,70468
2484	1017,70468
2485	1017,70468
2486	1017,70468
2487	1017,70468
2488	1017,70468
2489	1017,70468
2490	1017,70468
2491	1017,70468
2492	1017,70468
2493	1017,70468
2494	1017,70468
2495	1017,70468
2496	1017,70468
2497	1017,70468
2498	1017,70468
2499	1017,70468
2500	1017,70468
2501	1017,70468
2502	1017,70468
2503	1017,70468
2504	1017,70468
2505	1017,70468
2506	1017,70468
2507	1017,70468
2508	1017,70468
2509	1017,70468
2510	1017,70468
2511	1017,70468
2512	1017,70468
2513	1017,70468
2514	1017,70468
2515	1017,70468
2516	1017,49690
2517	1017,49690
2518	1017,49690
2519	1017,49690
2520	1017,49690
2521	1017,49690
2522	1017,49690
2523	1017,49690
2524	1017,49690
2525	1017,49690
2526	1017,46076
2527	1017,46076
2528	1017,46076
2529	1017,46076
2530	1017,46076
2531	1017,37412
2532	1017,37412
2533	1017,37412
2534	1017,37412
2535	1017,37177
2536	1017,37177
2537	1017,37177
2538	1017,37177
2539	1017,37177
2540	1017,37177
2541	1017,37177
2542	1017,37177
2543	1017,37177
2544	1017,37177
2545	1017,37177
2546	1017,37177
2547	1017,37177
2548	1017,37177
2549	1017,37177
2550	1017,37177
2551	1017,37177
2552	1017,37177
2553	1017,37177
2554	1017,37177
2555	1017,37177
2556	1017,37177
2557	1017,37177
2558	1017,37177
2559	1017,37177
2560	1017,37177
2561	1017,37177
2562	1017,37177
2563	1017,37177
2564	1017,37177
2565	1017,33138
2566	1017,33138
2567	1017,33138
2568	1017,33138
2569	1017,33138
2570	1017,33138
2571	1017,33138
2572	1017,33138
2573	1017,33138
2574	1017,33138
2575	1017,33138
2576	1017,33138
2577	1017,33138
2578	1017,33138
2579	1017,33138
2580	1017,33138
2581	1017,33138
2582	1017,33138
2583	1017,33138
2584	1017,33138
2585	1017,29250
2586	1017,29250
2587	1017,29250
2588	1017,29250
2589	1017,29250
2590	1017,29250
2591	1017,29250
2592	1017,29250
2593	1017,29250
2594	1017,29250
2595	1017,29250
2596	1017,29250
2597	1017,29250
2598	1017,29250
2599	1017,29250
2600	1017,29250
2601	1017,29250
2602	1017,29250
2603	1017,29250
2604	1017,29250
2605	1017,29250
2606	1017,29250
2607	1017,29250
2608	1017,29250
2609	1017,29012
2610	1017,29012
2611	1017,29012
2612	1017,29012
2613	1017,29012
2614	1017,28884
2615	1017,28884
2616	1017,28884
2617	1017,28884
2618	1017,28884
2619	1017,28884
2620	1017,28884
2621	1017,28884
2622	1017,28884
2623	1017,28884
2624	1017,28884
2625	1017,28884
2626	1017,28884
2627	1017,28884
2628	1017,28884
2629	1017,28884
2630	1017,28884
2631	1017,28884
2632	1017,28884
2633	1017,28884
2634	1017,28884
2635	1017,28884
2636	1017,28884
2637	1017,28884
2638	1017,28884
2639	1017,21419
2640	1017,16136
2641	1017,16136
2642	1017,16136
2643	1017,16136
2644	1017,16136
2645	1017,16136
2646	1017,02175
2647	1017,02175
2648	1017,02175
2649	1017,02175
2650	1017,02175
2651	1017,01926
2652	1017,01926
2653	1017,01926
2654	1017,01926
2655	1017,01926
2656	1017,01926
2657	1017,01926
2658	1017,01926
2659	1017,01926
2660	1017,01926
2661	1017,01926
2662	1017,01555
2663	1017,01555
2664	1017,01555
2665	1017,01555
2666	1017,01555
2667	1017,01555
2668	1017,01555
2669	1017,01555
2670	1017,01555
2671	1017,01555
2672	1017,01555
2673	1017,01555
2674	1017,01555
2675	1017,01555
2676	1017,01555
2677	1017,01555
2678	1016,97174
2679	1016,97174
2680	1016,97174
2681	1016,97174
2682	1016,97174
2683	1016,97174
2684	1016,97174
2685	1016,97174
2686	1016,97174
2687	1016,88320
2688	1016,87277
2689	1016,87277
2690	1016,87277
2691	1016,87277
2692	1016,87277
2693	1016,87277
2694	1016,87277
2695	1016,87277
2696	1016,87277
2697	1016,87277
2698	1016,87277
2699	1016,87277
2700	1016,87277
2701	1016,87277
2702	1016,87277
2703	1016,87277
2704	1016,87277
2705	1016,87277
2706	1016,87277
2707	1016,87277
2708	1016,87277
2709	1016,87277
2710	1016,87277
2711	1016,87277
2712	1016,87277
2713	1016,87277
2714	1016,87277
2715	1016,87277
2716	1016,87277
2717	1016,87277
2718	1016,87277
2719	1016,87277
2720	1016,87277
2721	1016,87277
2722	1016,87277
2723	1016,87277
2724	1016,87277
2725	1016,87277
2726	1016,87277
2727	1016,87277
2728	1016,87277
2729	1016,87277
2730	1016,87277
2731	1016,87277
2732	1016,87277
2733	1016,87277
2734	1016,87277
2735	1016,87277
2736	1016,87277
2737	1016,87277
2738	1016,87277
2739	1016,87277
2740	1016,87277
2741	1016,87277
2742	1016,87277
2743	1016,87277
2744	1016,87277
2745	1016,87277
2746	1016,87277
2747	1016,87277
2748	1016,86671
2749	1016,86671
2750	1016,86671
2751	1016,86671
2752	1016,86671
2753	1016,70831
2754	1016,70831
2755	1016,70831
2756	1016,70831
2757	1016,70831
2758	1016,70831
2759	1016,70831
2760	1016,70831
2761	1016,70831
2762	1016,70831
2763	1016,70831
2764	1016,70831
2765	1016,70831
2766	1016,70831
2767	1016,70831
2768	1016,70831
2769	1016,70831
2770	1016,70831
2771	1016,70831
2772	1016,70831
2773	1016,70831
2774	1016,70726
2775	1016,70608
2776	1016,70608
2777	1016,70608
2778	1016,70608
2779	1016,70608
2780	1016,70608
2781	1016,70608
2782	1016,70608
2783	1016,70608
2784	1016,70608
2785	1016,70608
2786	1016,70608
2787	1016,70608
2788	1016,70608
2789	1016,70608
2790	1016,70608
2791	1016,70608
2792	1016,70608
2793	1016,70608
2794	1016,70608
2795	1016,70608
2796	1016,70608
2797	1016,70608
2798	1016,70608
2799	1016,70608
2800	1016,70608
2801	1016,70608
2802	1016,70608
2803	1016,70608
2804	1016,70608
2805	1016,70608
2806	1016,70608
2807	1016,70608
2808	1016,70608
2809	1016,70608
2810	1016,70608
2811	1016,70608
2812	1016,70608
2813	1016,70608
2814	1016,70608
2815	1016,70608
2816	1016,70608
2817	1016,70608
2818	1016,70608
2819	1016,70608
2820	1016,70608
2821	1016,70608
2822	1016,70608
2823	1016,70608
2824	1016,70608
2825	1016,70608
2826	1016,70608
2827	1016,70608
2828	1016,70608
2829	1016,70608
2830	1016,70608
2831	1016,70608
2832	1016,70608
2833	1016,70608
2834	1016,70608
2835	1016,70608
2836	1016,70608
2837	1016,70608
2838	1016,70608
2839	1016,70608
2840	1016,70608
2841	1016,70608
2842	1016,70608
2843	1016,70608
2844	1016,70608
2845	1016,70608
2846	1016,70608
2847	1016,70608
2848	1016,70608
2849	1016,70608
2850	1016,70608
2851	1016,70608
2852	1016,70608
2853	1016,70608
2854	1016,70608
2855	1016,70608
2856	1016,70608
2857	1016,70608
2858	1016,70608
2859	1016,70608
2860	1016,70608
2861	1016,70608
2862	1016,70608
2863	1016,70608
2864	1016,70608
2865	1016,70608
2866	1016,70608
2867	1016,70608
2868	1016,70608
2869	1016,70608
2870	1016,70608
2871	1016,70608
2872	1016,69280
2873	1016,32657
2874	1016,32657
2875	1016,32657
2876	1016,32657
2877	1016,32657
2878	1016,32657
2879	1016,32657
2880	1016,32657
2881	1016,32657
2882	1016,32657
2883	1016,32657
2884	1016,32657
2885	1016,32657
2886	1016,32657
2887	1016,32657
2888	1016,32657
2889	1016,32657
2890	1016,32657
2891	1016,32657
2892	1016,32657
2893	1016,32657
2894	1016,32657
2895	1016,32657
2896	1016,32657
2897	1016,32657
2898	1016,32657
2899	1016,32657
2900	1016,32657
2901	1016,32657
2902	1016,32657
2903	1016,32657
2904	1016,32657
2905	1016,32657
2906	1016,32657
2907	1016,32657
2908	1016,32657
2909	1016,32657
2910	1016,32657
2911	1016,32657
2912	1016,32657
2913	1016,32657
2914	1016,32657
2915	1016,32657
2916	1016,32657
2917	1016,32657
2918	1016,32657
2919	1016,32657
2920	1016,32657
2921	1016,32657
2922	1016,32657
2923	1016,32657
2924	1016,32098
2925	1016,32098
2926	1016,32098
2927	1016,32098
2928	1016,32098
2929	1016,32098
2930	1016,32098
2931	1016,32098
2932	1016,01838
2933	1016,01838
2934	1016,01838
2935	1016,01838
2936	1016,01838
2937	1016,01838
2938	1016,01838
2939	1016,01838
2940	1016,01838
2941	1016,01838
2942	1016,01618
2943	1016,01618
2944	1016,01618
2945	1016,01618
2946	1016,01618
2947	1016,01618
2948	1016,01618
2949	1016,01618
2950	1016,01618
2951	1016,01618
2952	1016,01618
2953	1016,01618
2954	1016,01618
2955	1016,01618
2956	1016,01618
2957	1016,01618
2958	1016,01408
2959	1016,01408
2960	1016,01408
2961	1016,01408
2962	1016,01408
2963	1016,01408
2964	1016,01408
2965	1016,01408
2966	1016,01408
2967	1016,01408
2968	1016,01408
2969	1016,01408
2970	1015,90392
2971	1015,90392
2972	1015,90285
2973	1015,90285
2974	1015,90285
2975	1015,90285
2976	1015,90285
2977	1015,90285
2978	1015,90285
2979	1015,90285
2980	1015,90285
2981	1015,90285
2982	1015,90285
2983	1015,80872
2984	1015,80872
2985	1015,80872
2986	1015,80872
2987	1015,80872
2988	1015,80872
2989	1015,80872
2990	1015,80872
2991	1015,80872
2992	1015,80872
2993	1015,80686
2994	1015,80686
2995	1015,80686
2996	1015,80686
2997	1015,80686
2998	1015,80686
2999	1015,80686
3000	1015,80686
3001	1015,80686
3002	1015,80686
3003	1015,80686
3004	1015,80686
3005	1015,80686
3006	1015,80686
3007	1015,80686
3008	1015,80686
3009	1015,80686
3010	1015,80686
3011	1015,80686
3012	1015,80686
3013	1015,80686
3014	1015,80686
3015	1015,80686
3016	1015,80686
3017	1015,75755
3018	1015,75755
3019	1015,75755
3020	1015,75755
3021	1015,75755
3022	1015,75755
3023	1015,75755
3024	1015,75755
3025	1015,75755
3026	1015,75755
3027	1015,75755
3028	1015,75755
3029	1015,75755
3030	1015,75755
3031	1015,75755
3032	1015,75755
3033	1015,54302
3034	1015,54302
3035	1015,54302
3036	1015,54302
3037	1015,54302
3038	1015,54302
3039	1015,54302
3040	1015,54302
3041	1015,54302
3042	1015,54302
3043	1015,54302
3044	1015,54302
3045	1015,54302
3046	1015,54302
3047	1015,54302
3048	1015,54302
3049	1015,54302
3050	1015,54302
3051	1015,54302
3052	1015,54302
3053	1015,54302
3054	1015,54302
3055	1015,54302
3056	1015,54302
3057	1015,54302
3058	1015,54302
3059	1015,54302
3060	1015,54302
3061	1015,54302
3062	1015,54302
3063	1015,54302
3064	1015,54302
3065	1015,54302
3066	1015,54302
3067	1015,54302
3068	1015,50372
3069	1015,50209
3070	1015,50209
3071	1015,50209
3072	1015,50209
3073	1015,50209
3074	1015,50209
3075	1015,50209
3076	1015,50209
3077	1015,50209
3078	1015,50209
3079	1015,50209
3080	1015,50209
3081	1015,50077
3082	1015,50077
3083	1015,50077
3084	1015,50077
3085	1015,50077
3086	1015,50077
3087	1015,50077
3088	1015,50077
3089	1015,50077
3090	1015,50077
3091	1015,50077
3092	1015,50077
3093	1015,50077
3094	1015,50077
3095	1015,50077
3096	1015,50077
3097	1015,50077
3098	1015,50077
3099	1015,50077
3100	1015,50077
3101	1015,50077
3102	1015,49914
3103	1015,49914
3104	1015,49914
3105	1015,49914
3106	1015,49914
3107	1015,49914
3108	1015,49914
3109	1015,49914
3110	1015,49914
3111	1015,49914
3112	1015,49914
3113	1015,49914
3114	1015,49914
3115	1015,49914
3116	1015,49914
3117	1015,49914
3118	1015,49914
3119	1015,49914
3120	1015,49914
3121	1015,49914
3122	1015,49914
3123	1015,49914
3124	1015,49914
3125	1015,49914
3126	1015,49914
3127	1015,49914
3128	1015,49232
3129	1015,49232
3130	1015,49232
3131	1015,49232
3132	1015,49230
3133	1015,49230
3134	1015,49230
3135	1015,49230
3136	1015,49230
3137	1015,41349
3138	1015,41349
3139	1015,41349
3140	1015,41349
3141	1015,41349
3142	1015,41349
3143	1015,41349
3144	1015,40967
3145	1015,40967
3146	1015,40967
3147	1015,40886
3148	1015,40886
3149	1015,40886
3150	1015,40886
3151	1015,40886
3152	1015,40886
3153	1015,40886
3154	1015,40886
3155	1015,40886
3156	1015,40886
3157	1015,40886
3158	1015,40886
3159	1015,40886
3160	1015,40886
3161	1015,40886
3162	1015,40886
3163	1015,40886
3164	1015,40886
3165	1015,40886
3166	1015,40886
3167	1015,40886
3168	1015,40886
3169	1015,40886
3170	1015,40886
3171	1015,40886
3172	1015,40886
3173	1015,40880
3174	1015,39814
3175	1015,39814
3176	1015,39814
3177	1015,39814
3178	1015,39814
3179	1015,39814
3180	1015,33465
3181	1015,33465
3182	1015,33465
3183	1015,33465
3184	1015,33465
3185	1015,33465
3186	1015,33465
3187	1015,33465
3188	1015,33465
3189	1015,33357
3190	1015,33357
3191	1015,33357
3192	1015,33357
3193	1015,33357
3194	1015,33357
3195	1015,33357
3196	1015,31337
3197	1015,31337
3198	1015,31337
3199	1015,31337
3200	1015,31337
3201	1015,31337
3202	1015,31337
3203	1015,31337
3204	1015,31337
3205	1015,31337
3206	484,46438
3207	484,46438
3208	484,46438
3209	484,46399
3210	484,46399
3211	484,46399
3212	484,46399
3213	484,46399
3214	484,46399
3215	484,46399
3216	484,46399
3217	484,46399
3218	484,46399
3219	484,46399
3220	484,46399
3221	484,46399
3222	484,46399
3223	484,29423
3224	483,75897
3225	483,75897
3226	483,75897
3227	483,75897
3228	483,75897
3229	483,75897
3230	483,75897
3231	483,75897
3232	483,75897
3233	483,75489
3234	483,75489
3235	483,75489
3236	483,75489
3237	483,75489
3238	483,75489
3239	483,75489
3240	483,75489
3241	483,75489
3242	483,75489
3243	483,75489
3244	483,75489
3245	483,75489
3246	483,75425
3247	483,75425
3248	483,75425
3249	483,75425
3250	483,75425
3251	483,75425
3252	483,75425
3253	483,75425
3254	483,75425
3255	483,75362
3256	483,75362
3257	483,75362
3258	483,75362
3259	483,75362
3260	483,75362
3261	483,75362
3262	483,75362
3263	483,75362
3264	483,75362
3265	483,49480
3266	483,49480
3267	483,49480
3268	483,49480
3269	483,49480
3270	483,49480
3271	483,49480
3272	483,49480
3273	483,49480
3274	483,49480
3275	483,44619
3276	483,44619
3277	483,44619
3278	483,44619
3279	483,44619
3280	483,44619
3281	483,44619
3282	482,44008
3283	482,44008
3284	482,44008
3285	482,44008
3286	482,44008
3287	482,44008
3288	482,44008
3289	482,44008
3290	482,44008
3291	482,44008
3292	482,44008
3293	482,44008
3294	482,44008
3295	482,44008
3296	482,44008
3297	482,44008
3298	482,44008
3299	482,44008
3300	482,44008
3301	482,44008
3302	482,44008
3303	482,44008
3304	482,44008
3305	482,44008
3306	482,44008
3307	482,44008
3308	482,44008
3309	482,43879
3310	482,43879
3311	482,43879
3312	482,43879
3313	482,43879
3314	482,43862
3315	482,43862
3316	482,43862
3317	482,43862
3318	482,43862
3319	482,43862
3320	482,01240
3321	482,01240
3322	482,01240
3323	482,01240
3324	481,99891
3325	481,99891
3326	481,99891
3327	481,99891
3328	481,99891
3329	481,99891
3330	481,99891
3331	481,99891
3332	481,99891
3333	481,99891
3334	481,99891
3335	481,99845
3336	481,99845
3337	481,99845
3338	481,99845
3339	481,99845
3340	481,99845
3341	481,99845
3342	481,99845
3343	481,99845
3344	481,99845
3345	481,99845
3346	481,99845
3347	481,99845
3348	481,99845
3349	481,99845
3350	481,99845
3351	481,99845
3352	481,99845
3353	481,99845
3354	481,99839
3355	481,99839
3356	481,99839
3357	481,99839
3358	481,99839
3359	481,99839
3360	481,99839
3361	481,99839
3362	481,99839
3363	481,99839
3364	481,99839
3365	481,99839
3366	481,99839
3367	481,99839
3368	481,99839
3369	481,99839
3370	481,99839
3371	481,99839
3372	481,99839
3373	481,99839
3374	481,99839
3375	481,99839
3376	481,99839
3377	481,99839
3378	481,99839
3379	481,99839
3380	481,99839
3381	481,99839
3382	481,99839
3383	481,99839
3384	481,99839
3385	481,99839
3386	481,99839
3387	481,99839
3388	481,99839
3389	481,99839
3390	481,99839
3391	481,99839
3392	481,99839
3393	481,99839
3394	481,99839
3395	481,99839
3396	481,99839
3397	481,99839
3398	481,99839
3399	481,99839
3400	481,99839
3401	481,99839
3402	481,99839
3403	481,99839
3404	481,99839
3405	481,99839
3406	481,99839
3407	481,99839
3408	481,99839
3409	481,99839
3410	481,99839
3411	481,99839
3412	481,99839
3413	481,99839
3414	481,99839
3415	481,99839
3416	481,99839
3417	481,99839
3418	481,99839
3419	481,99839
3420	481,99839
3421	481,99839
3422	481,99839
3423	481,99839
3424	481,99839
3425	481,99839
3426	481,99839
3427	481,96862
3428	481,96862
3429	481,96862
3430	481,96862
3431	481,96862
3432	481,96862
3433	481,96862
3434	481,96862
3435	481,96862
3436	481,96862
3437	481,96862
3438	481,96862
3439	481,96862
3440	481,96862
3441	481,96862
3442	481,96862
3443	481,96862
3444	481,96862
3445	481,96862
3446	481,96862
3447	481,96862
3448	481,96862
3449	481,96862
3450	481,96862
3451	481,96862
3452	481,96862
3453	481,96862
3454	481,96862
3455	481,96862
3456	481,96862
3457	481,96862
3458	481,96862
3459	481,96862
3460	481,96862
3461	481,96862
3462	481,96862
3463	481,96862
3464	481,96862
3465	481,96862
3466	481,96862
3467	481,96862
3468	481,96862
3469	481,96862
3470	481,96862
3471	481,96862
3472	481,96862
3473	481,96862
3474	481,96862
3475	481,96862
3476	481,96862
3477	481,96862
3478	481,96862
3479	481,96862
3480	481,96862
3481	481,96862
3482	481,96862
3483	481,96862
3484	481,96862
3485	481,96862
3486	481,96862
3487	481,96862
3488	481,96862
3489	481,96862
3490	481,96862
3491	481,96862
3492	481,96862
3493	481,96862
3494	481,96862
3495	481,96862
3496	481,96862
3497	481,96862
3498	481,96862
3499	481,96862
3500	481,96862
3501	481,96862
3502	481,96862
3503	481,96862
3504	481,96862
3505	481,96862
3506	481,96862
3507	481,96862
3508	481,96862
3509	481,96862
3510	481,96862
3511	481,96862
3512	481,96862
3513	481,96862
3514	481,96862
3515	481,96862
3516	481,96862
3517	481,96862
3518	481,96862
3519	481,96862
3520	481,96862
3521	481,96862
3522	481,96862
3523	481,96862
3524	481,96862
3525	481,96862
3526	481,96862
3527	481,96862
3528	481,96862
3529	481,96862
3530	481,96862
3531	481,81357
3532	481,81357
3533	481,81357
3534	481,81357
3535	481,81357
3536	481,81357
3537	481,81357
3538	481,81357
3539	481,81357
3540	481,81357
3541	481,81357
3542	481,81357
3543	481,81357
3544	481,81357
3545	481,81357
3546	481,81357
3547	481,81357
3548	481,67739
3549	481,67671
3550	481,67671
3551	481,67671
3552	481,67671
3553	481,67671
3554	481,67671
3555	481,67671
3556	481,67671
3557	481,67671
3558	481,67671
3559	481,67671
3560	481,67671
3561	481,46732
3562	481,46732
3563	481,46732
3564	481,46732
3565	481,46619
3566	481,46619
3567	481,46619
3568	481,46619
3569	481,46619
3570	481,46619
3571	481,46619
3572	481,45889
3573	481,45889
3574	481,45889
3575	481,45889
3576	481,45889
3577	481,45889
3578	481,45889
3579	481,45889
3580	481,45889
3581	481,45889
3582	481,45889
3583	481,45889
3584	481,45889
3585	481,45889
3586	481,45889
3587	481,45889
3588	481,45889
3589	481,45889
3590	481,45889
3591	481,45889
3592	481,45889
3593	481,45889
3594	481,45889
3595	481,45889
3596	481,45889
3597	481,45889
3598	481,45889
3599	481,45889
3600	481,45889
3601	481,45889
3602	481,45889
3603	481,45889
3604	481,45889
3605	481,45889
3606	481,45889
3607	481,45889
3608	481,45889
3609	481,45889
3610	481,45889
3611	481,45889
3612	481,45889
3613	481,45889
3614	481,45889
3615	481,45889
3616	481,45889
3617	481,45680
3618	481,45680
3619	481,45680
3620	481,45680
3621	481,45680
3622	481,45680
3623	481,45680
3624	481,45680
3625	481,45680
3626	481,45680
3627	481,45680
3628	481,45680
3629	481,45680
3630	481,45680
3631	481,45680
3632	481,45680
3633	481,45680
3634	481,45680
3635	481,45680
3636	481,45680
3637	481,45680
3638	481,45680
3639	481,45680
3640	481,45680
3641	481,45680
3642	481,45680
3643	481,45680
3644	481,45680
3645	481,45680
3646	481,45680
3647	481,45680
3648	481,45680
3649	481,45680
3650	481,45680
3651	481,45635
3652	481,45635
3653	481,45635
3654	481,45635
3655	481,45635
3656	481,45635
3657	481,45635
3658	481,45635
3659	481,45635
3660	481,45635
3661	481,45635
3662	481,45635
3663	481,45635
3664	481,43669
3665	481,43669
3666	481,43669
3667	481,43669
3668	481,43669
3669	481,43669
3670	481,43669
3671	481,43669
3672	481,43669
3673	481,43669
3674	481,43669
3675	481,43669
3676	481,43669
3677	481,43669
3678	481,43669
3679	481,43669
3680	481,43669
3681	481,30034
3682	481,30034
3683	481,30034
3684	481,30034
3685	481,30034
3686	481,30034
3687	481,30034
3688	481,30034
3689	481,30034
3690	481,30034
3691	481,30026
3692	481,30026
3693	481,29086
3694	481,29086
3695	481,29086
3696	481,29086
3697	481,29086
3698	481,29086
3699	481,29086
3700	481,29086
3701	481,29086
3702	481,29086
3703	481,29086
3704	481,29086
3705	481,29086
3706	481,29086
3707	481,29086
3708	481,21475
3709	481,21475
3710	481,21475
3711	481,21475
3712	481,21475
3713	481,21475
3714	481,21475
3715	481,21475
3716	481,21475
3717	481,21475
3718	481,21475
3719	481,21475
3720	481,21475
3721	481,21475
3722	481,21475
3723	481,21475
3724	481,21475
3725	481,21475
3726	481,21475
3727	481,21475
3728	481,21475
3729	481,21475
3730	481,21475
3731	481,21475
3732	481,21475
3733	481,21475
3734	481,21475
3735	481,21475
3736	481,21475
3737	481,21475
3738	183,18772
3739	183,18772
3740	183,18772
3741	183,18772
3742	183,18772
3743	183,18772
3744	183,18772
3745	183,18772
3746	183,18772
3747	183,18772
3748	183,18772
3749	183,18772
3750	183,16765
3751	183,10693
3752	183,10693
3753	183,10693
3754	183,10693
3755	183,10693
3756	183,10693
3757	183,10693
3758	183,10693
3759	183,10693
3760	183,10443
3761	183,10443
3762	183,10443
3763	183,10443
3764	183,10443
3765	183,10443
3766	183,10443
3767	183,10443
3768	183,10443
3769	183,10443
3770	183,10443
3771	183,10443
3772	183,10443
3773	183,10443
3774	183,10414
3775	183,10414
3776	183,10414
3777	183,10414
3778	183,08585
3779	183,08585
3780	183,08585
3781	183,08585
3782	183,08585
3783	183,08585
3784	183,08585
3785	183,08556
3786	183,08556
3787	183,08556
3788	183,08556
3789	183,08556
3790	183,08556
3791	183,08556
3792	183,08556
3793	183,07140
3794	183,07140
3795	183,07140
3796	183,07140
3797	183,07140
3798	183,07140
3799	183,07140
3800	183,07140
3801	183,07140
3802	183,07140
3803	183,07098
3804	183,07098
3805	183,07098
3806	183,07098
3807	183,07098
3808	183,07098
3809	183,07098
3810	183,07098
3811	183,07098
3812	183,07098
3813	183,07098
3814	183,07098
3815	183,07098
3816	183,07098
3817	183,07098
3818	183,07098
3819	183,07098
3820	183,07098
3821	183,07098
3822	183,07098
3823	183,07098
3824	183,07098
3825	183,07098
3826	183,07098
3827	183,07098
3828	183,07098
3829	183,07098
3830	183,07098
3831	183,07098
3832	183,07098
3833	183,07098
3834	183,07098
3835	183,07098
3836	183,07098
3837	183,07098
3838	183,07098
3839	183,07098
3840	183,07098
3841	183,07098
3842	183,07098
3843	183,07098
3844	183,07098
3845	183,07098
3846	183,07098
3847	183,07098
3848	183,07098
3849	183,07098
3850	183,07098
3851	183,07098
3852	183,07098
3853	183,07098
3854	183,07098
3855	183,07098
3856	183,07098
3857	183,07098
3858	183,07098
3859	183,07098
3860	183,07098
3861	183,07098
3862	183,07098
3863	183,07098
3864	183,07098
3865	183,07098
3866	183,07098
3867	183,07098
3868	183,07098
3869	183,07098
3870	183,07098
3871	183,07098
3872	183,07098
3873	183,07098
3874	183,07098
3875	183,07098
3876	183,07098
3877	183,07098
3878	183,07098
3879	183,07098
3880	183,07098
3881	183,07098
3882	183,07098
3883	183,07098
3884	183,07098
3885	183,07098
3886	183,07098
3887	183,07098
3888	183,07098
3889	183,07098
3890	183,07098
3891	183,07062
3892	183,07062
3893	183,07062
3894	183,05920
3895	183,05920
3896	183,05920
3897	183,05920
3898	183,05915
3899	183,05915
3900	183,05915
3901	183,05915
3902	183,05915
3903	183,05915
3904	183,05915
3905	183,05915
3906	183,05915
3907	183,05915
3908	183,05915
3909	183,05915
3910	183,05915
3911	183,05915
3912	183,05915
3913	183,05915
3914	183,05915
3915	183,05915
3916	183,05915
3917	183,05915
3918	183,05915
3919	183,05915
3920	183,05915
3921	183,05915
3922	183,05915
3923	183,05915
3924	183,05799
3925	183,05799
3926	183,05799
3927	183,05799
3928	183,05799
3929	183,05799
3930	183,05799
3931	183,05799
3932	183,05799
3933	183,05799
3934	182,88027
3935	182,88027
3936	182,88027
3937	182,88027
3938	182,88027
3939	182,88027
3940	182,88027
3941	182,88027
3942	182,88027
3943	182,88027
3944	182,88027
3945	182,88027
3946	182,88027
3947	182,88027
3948	182,88027
3949	182,88027
3950	182,88027
3951	182,88027
3952	182,88027
3953	182,88027
3954	182,88027
3955	182,88027
3956	182,88027
3957	182,88027
3958	182,88027
3959	182,88027
3960	182,88027
3961	182,88027
3962	182,88027
3963	182,88027
3964	182,88027
3965	182,88027
3966	182,88027
3967	182,88027
3968	182,88027
3969	182,88027
3970	182,88027
3971	182,88027
3972	182,88027
3973	182,88027
3974	182,88027
3975	182,88027
3976	182,88027
3977	182,88027
3978	182,88027
3979	182,82952
3980	182,82952
3981	182,82952
3982	182,82952
3983	182,82952
3984	182,82952
3985	182,82952
3986	182,82952
3987	182,82952
3988	182,82952
3989	182,82952
3990	182,82952
3991	182,82952
3992	182,82952
3993	182,82952
3994	182,82952
3995	182,82952
3996	182,82952
3997	182,82952
3998	182,82952
3999	182,82952
4000	182,82952
4001	182,82952
4002	182,82952
4003	182,82952
4004	182,82952
4005	182,82952
4006	182,63378
4007	182,29724
4008	182,29724
4009	182,29724
4010	182,29724
4011	182,29724
4012	182,29695
4013	182,29695
4014	182,29695
4015	182,29695
4016	182,29695
4017	182,29695
4018	182,29695
4019	182,29695
4020	182,29695
4021	182,29695
4022	182,29695
4023	182,29695
4024	182,29695
4025	182,29695
4026	182,29695
4027	182,29695
4028	182,29695
4029	182,29695
4030	182,29695
4031	182,29695
4032	182,29695
4033	182,29695
4034	182,29695
4035	182,29695
4036	182,29695
4037	182,22461
4038	182,22461
4039	182,22461
4040	182,22461
4041	182,22461
4042	182,22461
4043	182,22461
4044	182,22461
4045	182,22461
4046	182,22461
4047	182,22461
4048	182,22461
4049	182,22461
4050	182,22461
4051	182,22461
4052	182,22461
4053	182,22461
4054	182,22461
4055	182,22461
4056	182,22461
4057	182,22461
4058	182,22461
4059	182,22461
4060	182,22461
4061	182,22081
4062	182,22081
4063	182,22081
4064	182,22081
4065	182,22081
4066	182,22081
4067	182,22081
4068	182,22081
4069	182,22081
4070	182,22081
4071	182,22081
4072	182,22081
4073	182,22081
4074	182,22081
4075	182,22081
4076	182,22081
4077	182,22081
4078	182,22081
4079	182,22081
4080	182,22081
4081	182,22081
4082	182,22081
4083	182,22081
4084	182,22081
4085	182,22081
4086	182,22081
4087	182,22081
4088	182,22081
4089	182,22081
4090	182,22081
4091	182,22081
4092	182,22081
4093	182,22081
4094	182,22081
4095	182,22081
4096	182,22081
4097	182,22081
4098	182,22081
4099	182,22081
4100	182,22081
4101	182,16829
4102	182,16828
4103	182,16828
4104	182,10659
4105	182,10659
4106	182,10659
4107	182,10659
4108	182,10659
4109	182,10659
4110	182,10659
4111	182,10659
4112	182,10659
4113	182,10659
4114	182,10659
4115	182,10659
4116	182,10659
4117	182,10659
4118	182,10659
4119	182,10659
4120	182,10659
4121	182,10659
4122	182,10659
4123	182,10659
4124	182,10659
4125	182,10659
4126	182,10659
4127	182,10659
4128	182,10659
4129	182,10659
4130	182,10659
4131	182,10659
4132	182,10659
4133	182,10659
4134	182,10659
4135	182,10659
4136	182,10659
4137	182,10659
4138	182,10659
4139	182,10659
4140	182,10659
4141	182,10659
4142	182,10659
4143	182,10659
4144	182,10659
4145	182,10659
4146	182,10659
4147	182,10659
4148	182,10659
4149	182,10659
4150	182,10659
4151	182,10659
4152	182,10659
4153	182,10659
4154	182,10659
4155	182,10659
4156	182,10659
4157	182,10659
4158	182,10659
4159	182,10659
4160	182,10659
4161	182,10659
4162	182,10659
4163	182,10659
4164	182,10659
4165	182,10659
4166	182,10659
4167	182,10659
4168	182,08310
4169	182,08310
4170	182,08310
4171	182,08310
4172	182,08310
4173	182,08310
4174	182,08310
4175	182,08310
4176	182,06865
4177	182,06865
4178	182,06865
4179	182,06865
4180	182,06865
4181	182,06865
4182	182,06865
4183	182,06865
4184	182,06865
4185	182,06865
4186	182,06865
4187	182,06865
4188	182,06865
4189	182,06865
4190	182,06865
4191	182,06865
4192	182,06865
4193	182,06865
4194	182,06865
4195	182,06865
4196	182,06865
4197	182,06865
4198	182,06865
4199	182,06865
4200	182,06865
4201	182,06865
4202	182,06865
4203	182,06865
4204	182,06865
4205	182,06865
4206	182,06865
4207	182,06865
4208	182,06865
4209	182,06865
4210	182,06865
4211	182,06865
4212	182,06865
4213	182,06865
4214	182,06865
4215	182,06865
4216	182,06865
4217	182,06865
4218	182,06865
4219	182,06865
4220	182,06865
4221	182,06865
4222	182,06865
4223	182,06865
4224	182,06865
4225	182,01254
4226	182,01254
4227	182,01254
4228	182,01254
4229	182,01254
4230	182,01254
4231	182,01254
4232	182,01254
4233	182,01254
4234	182,01254
4235	182,01254
4236	182,01254
4237	182,01254
4238	182,01254
4239	182,01254
4240	182,01254
4241	182,01254
4242	182,01254
4243	182,01254
4244	182,01254
4245	182,01254
4246	182,01254
4247	182,01254
4248	182,01254
4249	182,01254
4250	182,01254
4251	182,01254
4252	182,01254
4253	182,01254
4254	182,01254
4255	182,01254
4256	182,01254
4257	182,01254
4258	182,01254
4259	182,01254
4260	182,01254
4261	182,01254
4262	182,01254
4263	182,01254
4264	182,01254
4265	182,01254
4266	182,01254
4267	182,01254
4268	182,01254
4269	182,01254
4270	182,01254
4271	182,01254
4272	182,01254
4273	182,01254
4274	182,01254
4275	182,01254
4276	182,01253
4277	182,01253
4278	182,01253
4279	182,01253
4280	182,01253
4281	182,01253
4282	182,01253
4283	182,01253
4284	182,01253
4285	182,01253
4286	182,01253
4287	182,01253
4288	182,01253
4289	182,01253
4290	182,01253
4291	182,01253
4292	182,01253
4293	182,01253
4294	182,01253
4295	182,01253
4296	182,01253
4297	182,01253
4298	182,01253
4299	182,01253
4300	182,01253
4301	182,01253
4302	182,01253
4303	182,01253
4304	182,01253
4305	182,01253
4306	182,01253
4307	182,01253
4308	182,01253
4309	182,01253
4310	182,01253
4311	182,01253
4312	182,01253
4313	182,01253
4314	182,01253
4315	182,01253
4316	182,01253
4317	182,01253
4318	182,01253
4319	182,01253
4320	182,01253
4321	182,01253
4322	182,01253
4323	182,01253
4324	181,98995
4325	181,98995
4326	181,98995
4327	181,98995
4328	181,98995
4329	181,98995
4330	181,98995
4331	181,98995
4332	181,98995
4333	181,98995
4334	181,98995
4335	181,98995
4336	181,98995
4337	181,98995
4338	181,98995
4339	181,98995
4340	181,98995
4341	181,98995
4342	181,98995
4343	181,98995
4344	181,98995
4345	181,98995
4346	181,98995
4347	181,98995
4348	181,98995
4349	181,98995
4350	181,98995
4351	181,98995
4352	181,98995
4353	181,98995
4354	181,98995
4355	181,98995
4356	181,98995
4357	181,98995
4358	181,98995
4359	181,98995
4360	181,98995
4361	181,98995
4362	181,98995
4363	181,98995
4364	181,98995
4365	181,98995
4366	181,98995
4367	181,98995
4368	181,98995
4369	181,98995
4370	181,98995
4371	181,98995
4372	181,98995
4373	181,98995
4374	181,98995
4375	181,98995
4376	181,98995
4377	181,98995
4378	181,98995
4379	181,98995
4380	181,98995
4381	181,98995
4382	181,98995
4383	181,98995
4384	181,98995
4385	181,98995
4386	181,98995
4387	181,98995
4388	181,98679
4389	181,98679
4390	181,98679
4391	181,98679
4392	181,98679
4393	181,98679
4394	181,98679
4395	181,98679
4396	181,98679
4397	181,98679
4398	181,98679
4399	181,98679
4400	181,98679
4401	181,98679
4402	181,98679
4403	181,98679
4404	181,98679
4405	181,98679
4406	181,98679
4407	181,98679
4408	181,98679
4409	181,98679
4410	181,98679
4411	181,98679
4412	181,98679
4413	181,98679
4414	181,98679
4415	181,98679
4416	181,98679
4417	181,98679
4418	181,98679
4419	181,98679
4420	181,66743
4421	181,66743
4422	181,66743
4423	181,66743
4424	181,66743
4425	181,66743
4426	181,66743
4427	181,66743
4428	181,66743
4429	181,66743
4430	181,66743
4431	181,66743
4432	181,66743
4433	181,66743
4434	181,66743
4435	181,66743
4436	181,66743
4437	181,66743
4438	181,66743
4439	181,66743
4440	181,66743
4441	181,66743
4442	181,66743
4443	181,66743
4444	181,66743
4445	181,66743
4446	181,66743
4447	181,66743
4448	181,66743
4449	181,66743
4450	181,66743
4451	181,66743
4452	181,66743
4453	181,66743
4454	181,66743
4455	181,66743
4456	181,66743
4457	181,66743
4458	181,66743
4459	181,66743
4460	181,66743
4461	181,66743
4462	181,66743
4463	181,66743
4464	181,66743
4465	181,66743
4466	181,66743
4467	181,66743
4468	181,66743
4469	181,66743
4470	181,66743
4471	181,66743
4472	181,66743
4473	181,66743
4474	181,66743
4475	181,66743
4476	181,66743
4477	181,66743
4478	181,66743
4479	181,66743
4480	181,66743
4481	181,66743
4482	181,66743
4483	181,66743
4484	181,66743
4485	181,66739
4486	181,66739
4487	181,66739
4488	181,66739
4489	181,66739
4490	181,66739
4491	181,66739
4492	181,66739
4493	181,66739
4494	181,66739
4495	181,66739
4496	181,66739
4497	181,66739
4498	181,66739
4499	181,66739
4500	181,66739
4501	181,66739
4502	181,66739
4503	181,66739
4504	181,66739
4505	181,66739
4506	181,66739
4507	181,66739
4508	181,66739
4509	181,66739
4510	181,66739
4511	181,66739
4512	181,66739
4513	181,66739
4514	181,66739
4515	181,66739
4516	181,66739
4517	181,66735
4518	181,66735
4519	181,66735
4520	181,66735
4521	181,66735
4522	181,66735
4523	181,66735
4524	181,66735
4525	181,66735
4526	181,66735
4527	181,66735
4528	181,66735
4529	181,66735
4530	181,66735
4531	181,66735
4532	181,66735
4533	181,66721
4534	181,66721
4535	181,66721
4536	181,66721
4537	181,66721
4538	181,66676
4539	181,66676
4540	181,66676
4541	181,66676
4542	181,66676
4543	181,66676
4544	181,66676
4545	181,66676
4546	181,66676
4547	181,66676
4548	181,66676
4549	181,66676
4550	181,66676
4551	181,66676
4552	181,66676
4553	181,66676
4554	181,66676
4555	181,66676
4556	181,66676
4557	181,66676
4558	181,66676
4559	181,66676
4560	181,66676
4561	181,66676
4562	181,66676
4563	181,65539
4564	181,65539
4565	181,63243
4566	181,63243
4567	181,63243
4568	181,62496
4569	181,62496
4570	181,62496
4571	181,62496
4572	181,62496
4573	181,62496
4574	181,62496
4575	181,62473
4576	181,62473
4577	181,62473
4578	181,62473
4579	181,62473
4580	181,62473
4581	181,62473
4582	181,62473
4583	181,59168
4584	181,59168
4585	181,59168
4586	181,59168
4587	181,59168
4588	181,59168
4589	181,59168
4590	181,59168
4591	181,59168
4592	181,59168
4593	181,59168
4594	181,59168
4595	181,59168
4596	181,59168
4597	181,59168
4598	181,59168
4599	181,59168
4600	181,59168
4601	181,59168
4602	181,59168
4603	181,59168
4604	181,59168
4605	181,59168
4606	181,59168
4607	181,59168
4608	181,59168
4609	181,59168
4610	181,59168
4611	181,59168
4612	181,59168
4613	181,59168
4614	181,59168
4615	181,59168
4616	181,59160
4617	181,59160
4618	181,59160
4619	181,59062
4620	181,59062
4621	181,59062
4622	181,59062
4623	181,59062
4624	181,59062
4625	181,59062
4626	181,59062
4627	181,59062
4628	181,59062
4629	181,59062
4630	181,59062
4631	181,59062
4632	181,59062
4633	181,59062
4634	181,59062
4635	181,59062
4636	181,59062
4637	181,59062
4638	181,59062
4639	181,39478
4640	181,39478
4641	181,39478
4642	181,39478
4643	181,39478
4644	181,39478
4645	181,39478
4646	181,39478
4647	181,39478
4648	181,39478
4649	181,39478
4650	181,39478
4651	181,39478
4652	181,39478
4653	181,39478
4654	181,39478
4655	181,39478
4656	181,39478
4657	181,39478
4658	181,37061
4659	181,37061
4660	181,37054
4661	181,37054
4662	181,37054
4663	181,37054
4664	181,37054
4665	181,37054
4666	181,37054
4667	181,37054
4668	181,37054
4669	181,37054
4670	181,37054
4671	181,37054
4672	181,37054
4673	181,37054
4674	181,37054
4675	181,37054
4676	181,37054
4677	181,37054
4678	181,37054
4679	181,37054
4680	181,37054
4681	181,37054
4682	181,37054
4683	181,37054
4684	181,37054
4685	181,37054
4686	181,37050
4687	181,37050
4688	181,37050
4689	181,37050
4690	181,37050
4691	181,37050
4692	181,37050
4693	181,37050
4694	181,37050
4695	181,37050
4696	181,37050
4697	181,37050
4698	181,36383
4699	181,36383
4700	181,36383
4701	181,36383
4702	181,36383
4703	181,36383
4704	181,30957
4705	181,30957
4706	181,30957
4707	181,30957
4708	181,30957
4709	181,30957
4710	181,30957
4711	181,30957
4712	181,30957
4713	181,30957
4714	181,30957
4715	181,30957
4716	181,25949
4717	181,25949
4718	181,25949
4719	181,25949
4720	181,25949
4721	181,25949
4722	181,25949
4723	181,25949
4724	181,25949
4725	181,25949
4726	181,25949
4727	181,25949
4728	181,25949
4729	181,25949
4730	181,25949
4731	181,25949
4732	181,25949
4733	181,25949
4734	181,25949
4735	181,20052
4736	181,20052
4737	181,20052
4738	181,20052
4739	181,20049
4740	181,20049
4741	181,20049
4742	181,20049
4743	181,20049
4744	181,20049
4745	181,20049
4746	181,20049
4747	181,20049
4748	181,20049
4749	181,20049
4750	181,20049
4751	181,20049
4752	181,20049
4753	181,20049
4754	181,20049
4755	181,20049
4756	181,20049
4757	181,20049
4758	181,20049
4759	181,20049
4760	181,20049
4761	181,20049
4762	181,20049
4763	181,20049
4764	181,20049
4765	181,20049
4766	181,20049
4767	181,20049
4768	181,20049
4769	181,20049
4770	181,20049
4771	181,20049
4772	181,20049
4773	181,20049
4774	181,20049
4775	181,20049
4776	181,20049
4777	181,20049
4778	181,20049
4779	181,20049
4780	181,20049
4781	181,20049
4782	181,20049
4783	181,19775
4784	181,19775
4785	181,14127
4786	181,14127
4787	181,14127
4788	181,14127
4789	181,14127
4790	181,14127
4791	181,14127
4792	181,14127
4793	181,14127
4794	181,14127
4795	181,14127
4796	181,14127
4797	181,14127
4798	181,14127
4799	181,14127
4800	181,14127
4801	181,14127
4802	181,02584
4803	181,02584
4804	181,02584
4805	181,02584
4806	181,02584
4807	181,02584
4808	181,02584
4809	181,02584
4810	181,02584
4811	181,02584
4812	181,02584
4813	180,98836
4814	180,98836
4815	180,98836
4816	180,98836
4817	180,98836
4818	180,98836
4819	180,98836
4820	180,98836
4821	180,90575
4822	180,90575
4823	180,90575
4824	180,90575
4825	180,90575
4826	180,89499
4827	180,89499
4828	180,89499
4829	180,89499
4830	180,89499
4831	180,89499
4832	180,89499
4833	180,89499
4834	180,89499
4835	180,89499
4836	180,89499
4837	180,89499
4838	180,89499
4839	180,89499
4840	180,89499
4841	180,89179
4842	180,89179
4843	180,89179
4844	180,89179
4845	180,89179
4846	180,89179
4847	180,89179
4848	180,89179
4849	180,88755
4850	180,88755
4851	180,88755
4852	180,83713
4853	180,83713
4854	180,83713
4855	180,83713
4856	180,83713
4857	180,83713
4858	180,83713
4859	180,83713
4860	180,83579
4861	180,83579
4862	180,83579
4863	180,83579
4864	180,83579
4865	180,83579
4866	180,83579
4867	180,83579
4868	180,83579
4869	180,83579
4870	180,83579
4871	180,83579
4872	180,83579
4873	180,83579
4874	180,83579
4875	180,83579
4876	180,83579
4877	180,83579
4878	180,83579
4879	180,83579
4880	180,83579
4881	180,83579
4882	180,83579
4883	180,83579
4884	180,83579
4885	180,83579
4886	180,83579
4887	180,83579
4888	180,83579
4889	180,83579
4890	180,83579
4891	180,83579
4892	180,83579
4893	180,83579
4894	180,83579
4895	180,83579
4896	180,83579
4897	180,83579
4898	180,83418
4899	180,83418
4900	180,83158
4901	180,83158
4902	180,83158
4903	180,83158
4904	180,83158
4905	180,83158
4906	180,83158
4907	180,83158
4908	180,81269
4909	180,81269
4910	180,81269
4911	180,81269
4912	180,81269
4913	180,81269
4914	180,81269
4915	180,81269
4916	180,81269
4917	180,81269
4918	180,81269
4919	180,81269
4920	180,81269
4921	180,81269
4922	180,81269
4923	180,81269
4924	180,81269
4925	180,81269
4926	180,81269
4927	180,81269
4928	180,81269
4929	180,81269
4930	180,81269
4931	180,81269
4932	180,81269
4933	180,81269
4934	180,81269
4935	180,81269
4936	180,81055
4937	180,81055
4938	180,81055
4939	180,81055
4940	180,81055
4941	180,81055
4942	180,81055
4943	180,78848
4944	180,78848
4945	180,78848
4946	180,78848
4947	180,78848
4948	180,78848
4949	180,78848
4950	180,78848
4951	180,78848
4952	180,78848
4953	180,78848
4954	180,78848
4955	180,78848
4956	180,78848
4957	180,78848
4958	180,78848
4959	180,78848
4960	180,78743
4961	180,78743
4962	180,78743
4963	180,78743
4964	180,78743
4965	180,78743
4966	180,78743
4967	180,78743
4968	180,78743
4969	180,78743
4970	180,78743
4971	180,78743
4972	180,78743
4973	180,78743
4974	180,78743
4975	180,78743
4976	180,78743
4977	180,78743
4978	180,78743
4979	180,78743
4980	180,78743
4981	180,78743
4982	180,78743
4983	180,78743
4984	180,78743
4985	180,74700
4986	180,74409
4987	180,74409
4988	180,74409
4989	180,74409
4990	180,74409
4991	180,74409
4992	180,74409
4993	180,74409
4994	180,74409
4995	180,74409
4996	180,74409
4997	180,74409
4998	180,74409
4999	180,74409
5000	180,74409
