0	736295006,06575
1	499228309,79978
2	414606552,79781
3	357776718,23176
4	321500159,69628
5	302188234,88540
6	302188234,88540
7	302188234,88540
8	302188234,88540
9	302188234,88540
10	302188234,88540
11	302188234,88540
12	302188234,88540
13	302188234,88540
14	302188234,88540
15	302188234,88540
16	302188234,88540
17	302188234,88540
18	302188234,88540
19	302188234,88540
20	302188234,88540
21	302188234,88540
22	302188234,88540
23	302188234,88540
24	302188234,88540
25	302188234,88540
26	300281892,83074
27	300281892,83074
28	298079600,85138
29	298079600,85138
30	298079600,85138
31	291724519,82517
32	291724519,82517
33	289476407,39047
34	279837510,91062
35	279837510,91062
36	277711921,37191
37	277711921,37191
38	277711921,37191
39	261453398,71559
40	261453398,71559
41	261453398,71559
42	253302548,44242
43	253302548,44242
44	253302548,44242
45	253280730,98226
46	252497226,40554
47	247867179,61397
48	242883523,18717
49	242883523,18717
50	242883523,18717
51	235754547,42021
52	235754547,42021
53	235754547,42021
54	229075055,32584
55	229075055,32584
56	229075055,32584
57	221185660,97866
58	221185660,97866
59	212745010,97512
60	212745010,97512
61	212745010,97512
62	212745010,97512
63	212745010,97512
64	212745010,97512
65	212745010,97512
66	209319354,10422
67	183497868,26892
68	183497868,26892
69	183497868,26892
70	183497868,26892
71	183497868,26892
72	179936230,64866
73	168149565,19567
74	162825614,36337
75	158251373,84147
76	158251373,84147
77	153854696,88114
78	152982810,65325
79	150990185,12866
80	150448222,80618
81	150448222,80618
82	150448222,80618
83	150448222,80618
84	144145926,86985
85	144145926,86985
86	141393753,51734
87	135980313,49660
88	135980313,49660
89	134927280,38769
90	134303888,17657
91	133539164,76451
92	133539164,76451
93	130270394,69353
94	126541195,61588
95	125914969,77538
96	124190115,48234
97	124190115,48234
98	124190115,48234
99	119277284,03676
100	115395886,81505
101	115395886,81505
102	115395886,81505
103	115395886,81505
104	115395886,81505
105	115395886,81505
106	107924758,37599
107	107924758,37599
108	101069745,72416
109	99970710,06396
110	96024656,77220
111	96024656,77220
112	96024656,77220
113	96024656,77220
114	95995438,08762
115	93423449,59284
116	93423449,59284
117	93423449,59284
118	92413757,51085
119	91040631,11761
120	91040631,11761
121	90734453,65539
122	90734453,65539
123	81593649,20946
124	78716094,02156
125	72791269,74998
126	68297987,44616
127	67975120,51689
128	67975120,51689
129	67975120,51689
130	67940363,75304
131	67086508,68593
132	62657722,31059
133	62490669,00213
134	56926349,00512
135	56798653,13575
136	54243700,41739
137	51119140,07822
138	48538326,03208
139	48538326,03208
140	47726525,04273
141	43876728,66593
142	43876728,66593
143	42952476,25115
144	40616793,33998
145	38664528,62952
146	38664528,62952
147	38394694,17992
148	37115158,71041
149	36784230,67280
150	34595299,21830
151	32406707,66273
152	32406707,66273
153	32406707,66273
154	32106183,33770
155	31486470,79228
156	29912373,17424
157	29912373,17424
158	28066102,50710
159	28066102,50710
160	28066102,50710
161	28066102,50710
162	28036748,06308
163	27744060,86367
164	27744060,86367
165	25486194,53227
166	23506308,65400
167	21509559,37509
168	19992966,93670
169	19411706,74165
170	19148582,39967
171	18812302,83443
172	18723518,45394
173	18723518,45394
174	17383640,06293
175	15843822,59339
176	15423719,32969
177	15423719,32969
178	14847763,15414
179	14585415,55613
180	13831088,80308
181	13745173,00156
182	12787287,66488
183	12248071,41033
184	10570144,82872
185	10215433,36726
186	9860363,96064
187	9204039,44901
188	7976536,09308
189	7976536,09308
190	7976536,09308
191	7896868,25136
192	7896868,25136
193	7268212,13774
194	7001634,23865
195	6945271,44946
196	6945271,44946
197	6945271,44946
198	6945271,44946
199	6945271,44946
200	6248729,87556
201	5521688,19795
202	5218360,22332
203	4759660,35126
204	4604669,93204
205	4509157,02487
206	4378791,08030
207	4358310,07786
208	4146628,96412
209	3675824,37697
210	3557846,07663
211	3445462,06204
212	3209391,27324
213	3009671,55398
214	2885731,31132
215	2539202,17380
216	2400061,02444
217	2180993,07283
218	2066836,18508
219	2022775,93228
220	1780954,10289
221	1608497,50579
222	1442120,53654
223	1442120,53654
224	1424679,68557
225	1392949,04260
226	1251298,05174
227	1104631,33357
228	1078866,32360
229	1032966,91586
230	1005443,35744
231	975922,81049
232	743904,46418
233	675037,74628
234	659516,98963
235	646144,76229
236	525600,59794
237	443383,84086
238	406732,30749
239	390870,22292
240	347943,85637
241	322379,47082
242	245533,81789
243	225210,83593
244	203313,20930
245	194292,00540
246	191068,34927
247	166066,06295
248	153719,85372
249	135982,82954
250	117211,13396
251	104417,88223
252	95128,97177
253	91785,32729
254	84012,96688
255	78859,45324
256	69529,30513
257	66214,05115
258	60742,15694
259	53096,95360
260	48291,65820
261	41356,25533
262	40107,81008
263	32827,16145
264	26271,91937
265	25339,64770
266	19452,34067
267	16058,60162
268	14191,26550
269	11518,56524
270	9091,35816
271	8327,44599
272	6922,28982
273	5879,11571
274	5191,90944
275	4278,58094
276	3481,24867
277	2853,61312
278	2489,07058
279	2007,76309
280	1724,25274
281	1597,27134
282	1416,85138
283	1007,48510
284	897,34771
285	806,09345
286	704,35850
287	562,14347
288	491,93408
289	454,97978
290	400,55874
291	374,92719
292	324,33994
293	308,39172
294	290,20031
295	261,34291
296	247,50621
297	235,42918
298	218,65004
299	203,29041
300	193,01477
301	181,07630
302	169,90166
303	159,19793
304	155,39118
305	147,62745
306	143,03776
307	137,42086
308	133,26195
309	130,50133
310	128,43877
311	126,20473
312	123,85087
313	122,16316
314	120,93193
315	119,90946
316	118,40698
317	117,17645
318	116,20928
319	115,59428
320	114,95570
321	114,33545
322	113,75215
323	113,22103
324	112,72442
325	112,31361
326	112,04033
327	111,79142
328	111,55332
329	111,32421
330	111,13607
331	110,97938
332	110,83025
333	110,71062
334	110,60323
335	110,52706
336	110,43897
337	110,37872
338	110,32686
339	110,28394
340	110,25394
341	110,22145
342	110,19208
343	110,17053
344	110,15053
345	110,13484
346	110,11844
347	110,10641
348	110,09657
349	110,08783
350	110,08094
351	110,07581
352	110,07044
353	110,06556
354	110,06100
355	110,05628
356	110,05184
357	110,04746
358	110,04220
359	110,03707
360	110,03391
361	110,02888
362	110,02477
363	110,01957
364	110,01395
365	110,00940
366	110,00481
367	110,00035
368	109,99588
369	109,99122
370	109,98662
371	109,98241
372	109,97747
373	109,97301
374	109,96842
375	109,96443
376	109,95970
377	109,95534
378	109,95161
379	109,94738
380	109,94294
381	109,93938
382	109,93458
383	109,93098
384	109,92603
385	109,92100
386	109,91734
387	109,91278
388	109,90935
389	109,90594
390	109,90142
391	109,89626
392	109,89139
393	109,88672
394	109,88203
395	109,87831
396	109,87450
397	109,87042
398	109,86584
399	109,86155
400	109,85660
401	109,85250
402	109,84804
403	109,84365
404	109,83814
405	109,83478
406	109,82936
407	109,82499
408	109,81988
409	109,81605
410	109,81201
411	109,80810
412	109,80366
413	109,79949
414	109,79586
415	109,79145
416	109,78750
417	109,78311
418	109,77947
419	109,77475
420	109,77048
421	109,76738
422	109,76201
423	109,75690
424	109,75163
425	109,74805
426	109,74412
427	109,74001
428	109,73538
429	109,73152
430	109,72632
431	109,72304
432	109,71768
433	109,71313
434	109,70965
435	109,70536
436	109,70119
437	109,69623
438	109,69220
439	109,68867
440	109,68531
441	109,68090
442	109,67611
443	109,67215
444	109,66752
445	109,66297
446	109,65887
447	109,65416
448	109,65032
449	109,64571
450	109,64096
451	109,63638
452	109,63190
453	109,62813
454	109,62349
455	109,61961
456	109,61516
457	109,61014
458	109,60693
459	109,60344
460	109,59856
461	109,59381
462	109,58902
463	109,58394
464	109,57940
465	109,57623
466	109,57246
467	109,56835
468	109,56468
469	109,56031
470	109,55625
471	109,55230
472	109,54859
473	109,54374
474	109,54017
475	109,53591
476	109,53131
477	109,52640
478	109,52332
479	109,51749
480	109,51307
481	109,51031
482	109,50677
483	109,50239
484	109,49864
485	109,49371
486	109,49081
487	109,48708
488	109,48282
489	109,47956
490	109,47419
491	109,47023
492	109,46613
493	109,46196
494	109,45819
495	109,45451
496	109,45043
497	109,44601
498	109,44254
499	109,43845
500	109,43464
501	109,43127
502	109,42701
503	109,42316
504	109,41890
505	109,41481
506	109,41062
507	109,40728
508	109,40277
509	109,39875
510	109,39491
511	109,39037
512	109,38642
513	109,38220
514	109,37891
515	109,37399
516	109,37023
517	109,36719
518	109,36296
519	109,35869
520	109,35439
521	109,35116
522	109,34677
523	109,34271
524	109,33826
525	109,33479
526	109,33131
527	109,32767
528	109,32332
529	109,31933
530	109,31587
531	109,31230
532	109,30718
533	109,30313
534	109,29925
535	109,29590
536	109,29146
537	109,28797
538	109,28342
539	109,27995
540	109,27557
541	109,27101
542	109,26718
543	109,26379
544	109,25863
545	109,25472
546	109,25002
547	109,24655
548	109,24298
549	109,23900
550	109,23475
551	109,23084
552	109,22675
553	109,22311
554	109,21864
555	109,21457
556	109,21091
557	109,20738
558	109,20338
559	109,20030
560	109,19615
561	109,19247
562	109,18926
563	109,18510
564	109,18116
565	109,17754
566	109,17314
567	109,16952
568	109,16528
569	109,16173
570	109,15758
571	109,15319
572	109,14924
573	109,14589
574	109,14178
575	109,13760
576	109,13374
577	109,12898
578	109,12512
579	109,12135
580	109,11744
581	109,11371
582	109,10955
583	109,10558
584	109,10171
585	109,09830
586	109,09490
587	109,09167
588	109,08754
589	109,08369
590	109,08014
591	109,07552
592	109,07142
593	109,06785
594	109,06472
595	109,06096
596	109,05759
597	109,05364
598	109,04963
599	109,04647
600	109,04311
601	109,03951
602	109,03610
603	109,03186
604	109,02863
605	109,02534
606	109,02191
607	109,01840
608	109,01498
609	109,01071
610	109,00708
611	109,00338
612	108,99941
613	108,99605
614	108,99282
615	108,98805
616	108,98460
617	108,98009
618	108,97691
619	108,97408
620	108,97000
621	108,96517
622	108,96152
623	108,95803
624	108,95420
625	108,95000
626	108,94616
627	108,94305
628	108,93887
629	108,93607
630	108,93261
631	108,92904
632	108,92501
633	108,92168
634	108,91819
635	108,91472
636	108,91136
637	108,90701
638	108,90353
639	108,90018
640	108,89642
641	108,89356
642	108,89049
643	108,88567
644	108,88188
645	108,87777
646	108,87357
647	108,86896
648	108,86630
649	108,86180
650	108,85834
651	108,85517
652	108,85145
653	108,84775
654	108,84447
655	108,84070
656	108,83723
657	108,83403
658	108,83048
659	108,82685
660	108,82313
661	108,81887
662	108,81572
663	108,81252
664	108,80901
665	108,80593
666	108,80227
667	108,79878
668	108,79578
669	108,79278
670	108,78936
671	108,78594
672	108,78224
673	108,77929
674	108,77601
675	108,77261
676	108,76987
677	108,76638
678	108,76327
679	108,75994
680	108,75615
681	108,75250
682	108,74902
683	108,74535
684	108,74150
685	108,73867
686	108,73508
687	108,73137
688	108,72777
689	108,72507
690	108,72111
691	108,71735
692	108,71418
693	108,71079
694	108,70777
695	108,70400
696	108,70007
697	108,69697
698	108,69346
699	108,69084
700	108,68687
701	108,68319
702	108,67924
703	108,67626
704	108,67273
705	108,66981
706	108,66671
707	108,66343
708	108,66037
709	108,65729
710	108,65301
711	108,64959
712	108,64680
713	108,64236
714	108,63849
715	108,63463
716	108,63102
717	108,62767
718	108,62455
719	108,62148
720	108,61729
721	108,61359
722	108,61007
723	108,60680
724	108,60360
725	108,59941
726	108,59612
727	108,59282
728	108,58951
729	108,58664
730	108,58358
731	108,58041
732	108,57732
733	108,57393
734	108,57123
735	108,56706
736	108,56404
737	108,56105
738	108,55790
739	108,55404
740	108,55031
741	108,54681
742	108,54342
743	108,54013
744	108,53720
745	108,53346
746	108,52961
747	108,52594
748	108,52302
749	108,51995
750	108,51628
751	108,51316
752	108,50994
753	108,50651
754	108,50284
755	108,49961
756	108,49601
757	108,49312
758	108,48955
759	108,48592
760	108,48315
761	108,47989
762	108,47632
763	108,47341
764	108,46970
765	108,46678
766	108,46348
767	108,46036
768	108,45736
769	108,45367
770	108,45162
771	108,44834
772	108,44520
773	108,44222
774	108,43927
775	108,43610
776	108,43299
777	108,42982
778	108,42652
779	108,42336
780	108,41971
781	108,41686
782	108,41371
783	108,41043
784	108,40726
785	108,40387
786	108,40021
787	108,39662
788	108,39249
789	108,38944
790	108,38648
791	108,38326
792	108,38052
793	108,37688
794	108,37355
795	108,37077
796	108,36764
797	108,36451
798	108,36171
799	108,35933
800	108,35618
801	108,35384
802	108,34984
803	108,34707
804	108,34408
805	108,34158
806	108,33782
807	108,33537
808	108,33270
809	108,32990
810	108,32630
811	108,32313
812	108,32037
813	108,31793
814	108,31484
815	108,31221
816	108,30916
817	108,30569
818	108,30258
819	108,29944
820	108,29638
821	108,29329
822	108,29092
823	108,28782
824	108,28487
825	108,28145
826	108,27870
827	108,27500
828	108,27223
829	108,26911
830	108,26589
831	108,26327
832	108,26061
833	108,25711
834	108,25422
835	108,25103
836	108,24797
837	108,24536
838	108,24201
839	108,23924
840	108,23662
841	108,23370
842	108,23114
843	108,22762
844	108,22523
845	108,22314
846	108,22020
847	108,21661
848	108,21405
849	108,21109
850	108,20852
851	108,20549
852	108,20309
853	108,20027
854	108,19723
855	108,19460
856	108,19114
857	108,18874
858	108,18571
859	108,18220
860	108,17915
861	108,17630
862	108,17345
863	108,17030
864	108,16722
865	108,16398
866	108,16092
867	108,15758
868	108,15486
869	108,15140
870	108,14923
871	108,14651
872	108,14343
873	108,14123
874	108,13790
875	108,13492
876	108,13260
877	108,12972
878	108,12638
879	108,12378
880	108,12138
881	108,11871
882	108,11598
883	108,11325
884	108,11028
885	108,10725
886	108,10420
887	108,10195
888	108,09887
889	108,09642
890	108,09324
891	108,09077
892	108,08784
893	108,08479
894	108,08263
895	108,07985
896	108,07698
897	108,07415
898	108,07177
899	108,06917
900	108,06611
901	108,06328
902	108,06044
903	108,05801
904	108,05537
905	108,05276
906	108,04983
907	108,04755
908	108,04467
909	108,04130
910	108,03884
911	108,03579
912	108,03335
913	108,03109
914	108,02859
915	108,02590
916	108,02326
917	108,02076
918	108,01865
919	108,01573
920	108,01315
921	108,01095
922	108,00846
923	108,00561
924	108,00272
925	108,00031
926	107,99753
927	107,99486
928	107,99185
929	107,98890
930	107,98620
931	107,98368
932	107,98050
933	107,97763
934	107,97526
935	107,97251
936	107,96973
937	107,96776
938	107,96567
939	107,96288
940	107,96057
941	107,95774
942	107,95508
943	107,95231
944	107,94946
945	107,94716
946	107,94465
947	107,94206
948	107,93954
949	107,93714
950	107,93407
951	107,93144
952	107,92827
953	107,92545
954	107,92293
955	107,92052
956	107,91792
957	107,91547
958	107,91349
959	107,91058
960	107,90823
961	107,90592
962	107,90327
963	107,90032
964	107,89802
965	107,89547
966	107,89264
967	107,89035
968	107,88771
969	107,88485
970	107,88241
971	107,88017
972	107,87762
973	107,87506
974	107,87263
975	107,87003
976	107,86754
977	107,86469
978	107,86221
979	107,85944
980	107,85680
981	107,85447
982	107,85173
983	107,84961
984	107,84730
985	107,84510
986	107,84224
987	107,83996
988	107,83756
989	107,83550
990	107,83263
991	107,83030
992	107,82787
993	107,82571
994	107,82319
995	107,82095
996	107,81880
997	107,81659
998	107,81419
999	107,81180
1000	107,81014
1001	107,80766
1002	107,80471
1003	107,80228
1004	107,79971
1005	107,79713
1006	107,79483
1007	107,79277
1008	107,79089
1009	107,78823
1010	107,78586
1011	107,78386
1012	107,78102
1013	107,77884
1014	107,77606
1015	107,77378
1016	107,77095
1017	107,76882
1018	107,76668
1019	107,76445
1020	107,76204
1021	107,75956
1022	107,75679
1023	107,75426
1024	107,75207
1025	107,74976
1026	107,74769
1027	107,74506
1028	107,74268
1029	107,74036
1030	107,73787
1031	107,73555
1032	107,73355
1033	107,73146
1034	107,72883
1035	107,72669
1036	107,72429
1037	107,72160
1038	107,71918
1039	107,71704
1040	107,71465
1041	107,71240
1042	107,71027
1043	107,70799
1044	107,70543
1045	107,70348
1046	107,70119
1047	107,69922
1048	107,69705
1049	107,69503
1050	107,69282
1051	107,69081
1052	107,68844
1053	107,68646
1054	107,68433
1055	107,68215
1056	107,68001
1057	107,67801
1058	107,67543
1059	107,67333
1060	107,67058
1061	107,66860
1062	107,66641
1063	107,66422
1064	107,66192
1065	107,65991
1066	107,65781
1067	107,65529
1068	107,65297
1069	107,65078
1070	107,64866
1071	107,64683
1072	107,64478
1073	107,64270
1074	107,64054
1075	107,63854
1076	107,63654
1077	107,63427
1078	107,63211
1079	107,63019
1080	107,62760
1081	107,62570
1082	107,62330
1083	107,62107
1084	107,61899
1085	107,61694
1086	107,61487
1087	107,61310
1088	107,61070
1089	107,60820
1090	107,60607
1091	107,60414
1092	107,60244
1093	107,60033
1094	107,59835
1095	107,59643
1096	107,59467
1097	107,59249
1098	107,59057
1099	107,58865
1100	107,58636
1101	107,58410
1102	107,58191
1103	107,57928
1104	107,57750
1105	107,57604
1106	107,57384
1107	107,57212
1108	107,57010
1109	107,56767
1110	107,56586
1111	107,56366
1112	107,56187
1113	107,55978
1114	107,55817
1115	107,55601
1116	107,55362
1117	107,55158
1118	107,54998
1119	107,54786
1120	107,54619
1121	107,54420
1122	107,54247
1123	107,54015
1124	107,53820
1125	107,53636
1126	107,53421
1127	107,53190
1128	107,53010
1129	107,52777
1130	107,52561
1131	107,52386
1132	107,52157
1133	107,51965
1134	107,51764
1135	107,51623
1136	107,51435
1137	107,51246
1138	107,51041
1139	107,50853
1140	107,50701
1141	107,50464
1142	107,50277
1143	107,50093
1144	107,49874
1145	107,49723
1146	107,49538
1147	107,49384
1148	107,49183
1149	107,48999
1150	107,48813
1151	107,48610
1152	107,48436
1153	107,48292
1154	107,48118
1155	107,47905
1156	107,47690
1157	107,47505
1158	107,47237
1159	107,47041
1160	107,46816
1161	107,46638
1162	107,46445
1163	107,46235
1164	107,46065
1165	107,45883
1166	107,45661
1167	107,45454
1168	107,45274
1169	107,45094
1170	107,44905
1171	107,44733
1172	107,44502
1173	107,44301
1174	107,44141
1175	107,43970
1176	107,43803
1177	107,43584
1178	107,43434
1179	107,43227
1180	107,43060
1181	107,42837
1182	107,42652
1183	107,42482
1184	107,42321
1185	107,42115
1186	107,41960
1187	107,41779
1188	107,41593
1189	107,41426
1190	107,41231
1191	107,41081
1192	107,40917
1193	107,40758
1194	107,40595
1195	107,40385
1196	107,40238
1197	107,40077
1198	107,39931
1199	107,39772
1200	107,39586
1201	107,39435
1202	107,39250
1203	107,39062
1204	107,38878
1205	107,38728
1206	107,38616
1207	107,38424
1208	107,38266
1209	107,38098
1210	107,37919
1211	107,37708
1212	107,37524
1213	107,37384
1214	107,37179
1215	107,37034
1216	107,36814
1217	107,36609
1218	107,36419
1219	107,36234
1220	107,36080
1221	107,35863
1222	107,35702
1223	107,35518
1224	107,35380
1225	107,35186
1226	107,35010
1227	107,34819
1228	107,34636
1229	107,34492
1230	107,34332
1231	107,34156
1232	107,34007
1233	107,33869
1234	107,33696
1235	107,33542
1236	107,33371
1237	107,33198
1238	107,33024
1239	107,32873
1240	107,32704
1241	107,32543
1242	107,32372
1243	107,32222
1244	107,32033
1245	107,31866
1246	107,31729
1247	107,31543
1248	107,31388
1249	107,31243
1250	107,31065
1251	107,30920
1252	107,30756
1253	107,30581
1254	107,30402
1255	107,30270
1256	107,30120
1257	107,29940
1258	107,29783
1259	107,29602
1260	107,29468
1261	107,29300
1262	107,29112
1263	107,28925
1264	107,28765
1265	107,28634
1266	107,28446
1267	107,28282
1268	107,28150
1269	107,27965
1270	107,27829
1271	107,27685
1272	107,27551
1273	107,27408
1274	107,27208
1275	107,27031
1276	107,26892
1277	107,26754
1278	107,26611
1279	107,26399
1280	107,26289
1281	107,26116
1282	107,25913
1283	107,25765
1284	107,25594
1285	107,25494
1286	107,25321
1287	107,25178
1288	107,25022
1289	107,24852
1290	107,24691
1291	107,24517
1292	107,24352
1293	107,24205
1294	107,24041
1295	107,23876
1296	107,23732
1297	107,23551
1298	107,23394
1299	107,23224
1300	107,23085
1301	107,22930
1302	107,22754
1303	107,22625
1304	107,22469
1305	107,22298
1306	107,22170
1307	107,22019
1308	107,21854
1309	107,21727
1310	107,21583
1311	107,21396
1312	107,21203
1313	107,21042
1314	107,20853
1315	107,20685
1316	107,20559
1317	107,20399
1318	107,20245
1319	107,20078
1320	107,19947
1321	107,19790
1322	107,19624
1323	107,19513
1324	107,19320
1325	107,19134
1326	107,18970
1327	107,18790
1328	107,18641
1329	107,18464
1330	107,18284
1331	107,18122
1332	107,17955
1333	107,17821
1334	107,17668
1335	107,17509
1336	107,17360
1337	107,17218
1338	107,17040
1339	107,16876
1340	107,16707
1341	107,16536
1342	107,16399
1343	107,16231
1344	107,16092
1345	107,15936
1346	107,15798
1347	107,15669
1348	107,15509
1349	107,15351
1350	107,15216
1351	107,15050
1352	107,14881
1353	107,14714
1354	107,14601
1355	107,14480
1356	107,14294
1357	107,14151
1358	107,14008
1359	107,13854
1360	107,13707
1361	107,13563
1362	107,13407
1363	107,13257
1364	107,13099
1365	107,12946
1366	107,12809
1367	107,12678
1368	107,12536
1369	107,12410
1370	107,12269
1371	107,12126
1372	107,11979
1373	107,11787
1374	107,11659
1375	107,11501
1376	107,11329
1377	107,11200
1378	107,11051
1379	107,10899
1380	107,10770
1381	107,10607
1382	107,10486
1383	107,10357
1384	107,10221
1385	107,10082
1386	107,09938
1387	107,09805
1388	107,09690
1389	107,09548
1390	107,09422
1391	107,09277
1392	107,09167
1393	107,09045
1394	107,08894
1395	107,08763
1396	107,08596
1397	107,08474
1398	107,08289
1399	107,08151
1400	107,08016
1401	107,07881
1402	107,07772
1403	107,07623
1404	107,07528
1405	107,07395
1406	107,07249
1407	107,07111
1408	107,06998
1409	107,06834
1410	107,06669
1411	107,06523
1412	107,06390
1413	107,06237
1414	107,06079
1415	107,05958
1416	107,05798
1417	107,05653
1418	107,05503
1419	107,05332
1420	107,05197
1421	107,05045
1422	107,04916
1423	107,04768
1424	107,04642
1425	107,04502
1426	107,04361
1427	107,04197
1428	107,04061
1429	107,03928
1430	107,03801
1431	107,03667
1432	107,03526
1433	107,03393
1434	107,03238
1435	107,03092
1436	107,02909
1437	107,02770
1438	107,02612
1439	107,02446
1440	107,02261
1441	107,02112
1442	107,01978
1443	107,01826
1444	107,01691
1445	107,01537
1446	107,01400
1447	107,01246
1448	107,01095
1449	107,00957
1450	107,00798
1451	107,00655
1452	107,00515
1453	107,00348
1454	107,00195
1455	107,00078
1456	106,99920
1457	106,99775
1458	106,99623
1459	106,99488
1460	106,99358
1461	106,99202
1462	106,99033
1463	106,98900
1464	106,98768
1465	106,98605
1466	106,98449
1467	106,98317
1468	106,98159
1469	106,98032
1470	106,97923
1471	106,97757
1472	106,97608
1473	106,97450
1474	106,97332
1475	106,97201
1476	106,97064
1477	106,96923
1478	106,96785
1479	106,96643
1480	106,96479
1481	106,96295
1482	106,96162
1483	106,96019
1484	106,95881
1485	106,95699
1486	106,95534
1487	106,95403
1488	106,95283
1489	106,95151
1490	106,95005
1491	106,94865
1492	106,94716
1493	106,94581
1494	106,94414
1495	106,94251
1496	106,94127
1497	106,93995
1498	106,93832
1499	106,93708
1500	106,93520
1501	106,93387
1502	106,93246
1503	106,93099
1504	106,92970
1505	106,92814
1506	106,92661
1507	106,92494
1508	106,92341
1509	106,92192
1510	106,92052
1511	106,91918
1512	106,91718
1513	106,91568
1514	106,91422
1515	106,91287
1516	106,91177
1517	106,91027
1518	106,90861
1519	106,90726
1520	106,90567
1521	106,90397
1522	106,90244
1523	106,90057
1524	106,89952
1525	106,89803
1526	106,89642
1527	106,89530
1528	106,89374
1529	106,89239
1530	106,89108
1531	106,88957
1532	106,88792
1533	106,88671
1534	106,88536
1535	106,88375
1536	106,88254
1537	106,88086
1538	106,87947
1539	106,87826
1540	106,87693
1541	106,87557
1542	106,87418
1543	106,87281
1544	106,87134
1545	106,86978
1546	106,86824
1547	106,86660
1548	106,86498
1549	106,86351
1550	106,86214
1551	106,86069
1552	106,85919
1553	106,85749
1554	106,85610
1555	106,85457
1556	106,85316
1557	106,85178
1558	106,85064
1559	106,84937
1560	106,84778
1561	106,84632
1562	106,84505
1563	106,84368
1564	106,84216
1565	106,84077
1566	106,83934
1567	106,83742
1568	106,83606
1569	106,83438
1570	106,83301
1571	106,83163
1572	106,82996
1573	106,82822
1574	106,82677
1575	106,82549
1576	106,82378
1577	106,82189
1578	106,82036
1579	106,81906
1580	106,81726
1581	106,81555
1582	106,81384
1583	106,81229
1584	106,81070
1585	106,80908
1586	106,80774
1587	106,80614
1588	106,80476
1589	106,80311
1590	106,80156
1591	106,79986
1592	106,79831
1593	106,79676
1594	106,79512
1595	106,79355
1596	106,79186
1597	106,79013
1598	106,78869
1599	106,78670
1600	106,78524
1601	106,78363
1602	106,78192
1603	106,78013
1604	106,77856
1605	106,77687
1606	106,77549
1607	106,77361
1608	106,77207
1609	106,77051
1610	106,76920
1611	106,76773
1612	106,76602
1613	106,76429
1614	106,76284
1615	106,76100
1616	106,75898
1617	106,75719
1618	106,75557
1619	106,75394
1620	106,75248
1621	106,75095
1622	106,74942
1623	106,74785
1624	106,74636
1625	106,74487
1626	106,74274
1627	106,74100
1628	106,73937
1629	106,73794
1630	106,73629
1631	106,73459
1632	106,73272
1633	106,73116
1634	106,72915
1635	106,72738
1636	106,72604
1637	106,72434
1638	106,72239
1639	106,72091
1640	106,71919
1641	106,71763
1642	106,71574
1643	106,71413
1644	106,71241
1645	106,71089
1646	106,70876
1647	106,70740
1648	106,70529
1649	106,70403
1650	106,70240
1651	106,70083
1652	106,69912
1653	106,69734
1654	106,69542
1655	106,69395
1656	106,69242
1657	106,69073
1658	106,68938
1659	106,68757
1660	106,68620
1661	106,68445
1662	106,68289
1663	106,68131
1664	106,67951
1665	106,67782
1666	106,67620
1667	106,67441
1668	106,67271
1669	106,67121
1670	106,66971
1671	106,66792
1672	106,66644
1673	106,66490
1674	106,66328
1675	106,66203
1676	106,66017
1677	106,65875
1678	106,65702
1679	106,65528
1680	106,65341
1681	106,65191
1682	106,65017
1683	106,64851
1684	106,64679
1685	106,64525
1686	106,64349
1687	106,64166
1688	106,64002
1689	106,63814
1690	106,63658
1691	106,63492
1692	106,63355
1693	106,63173
1694	106,62982
1695	106,62799
1696	106,62640
1697	106,62467
1698	106,62312
1699	106,62112
1700	106,61965
1701	106,61789
1702	106,61623
1703	106,61402
1704	106,61251
1705	106,61084
1706	106,60900
1707	106,60728
1708	106,60534
1709	106,60357
1710	106,60204
1711	106,60045
1712	106,59888
1713	106,59748
1714	106,59605
1715	106,59447
1716	106,59253
1717	106,59109
1718	106,58954
1719	106,58770
1720	106,58601
1721	106,58437
1722	106,58245
1723	106,58111
1724	106,57911
1725	106,57739
1726	106,57473
1727	106,57313
1728	106,57120
1729	106,56929
1730	106,56764
1731	106,56596
1732	106,56409
1733	106,56240
1734	106,56033
1735	106,55842
1736	106,55674
1737	106,55529
1738	106,55341
1739	106,55193
1740	106,54976
1741	106,54837
1742	106,54664
1743	106,54480
1744	106,54325
1745	106,54111
1746	106,53929
1747	106,53744
1748	106,53586
1749	106,53422
1750	106,53253
1751	106,53076
1752	106,52893
1753	106,52692
1754	106,52527
1755	106,52374
1756	106,52227
1757	106,52052
1758	106,51907
1759	106,51697
1760	106,51528
1761	106,51375
1762	106,51219
1763	106,51035
1764	106,50881
1765	106,50755
1766	106,50568
1767	106,50389
1768	106,50236
1769	106,50055
1770	106,49892
1771	106,49713
1772	106,49513
1773	106,49316
1774	106,49104
1775	106,48948
1776	106,48789
1777	106,48655
1778	106,48495
1779	106,48335
1780	106,48184
1781	106,48017
1782	106,47809
1783	106,47636
1784	106,47448
1785	106,47263
1786	106,47077
1787	106,46895
1788	106,46724
1789	106,46522
1790	106,46346
1791	106,46216
1792	106,46066
1793	106,45871
1794	106,45676
1795	106,45495
1796	106,45289
1797	106,45133
1798	106,44964
1799	106,44752
1800	106,44588
1801	106,44363
1802	106,44201
1803	106,44032
1804	106,43824
1805	106,43632
1806	106,43420
1807	106,43272
1808	106,43083
1809	106,42907
1810	106,42733
1811	106,42527
1812	106,42359
1813	106,42189
1814	106,42021
1815	106,41873
1816	106,41660
1817	106,41477
1818	106,41295
1819	106,41110
1820	106,40932
1821	106,40769
1822	106,40601
1823	106,40354
1824	106,40136
1825	106,39953
1826	106,39771
1827	106,39566
1828	106,39390
1829	106,39215
1830	106,38978
1831	106,38755
1832	106,38618
1833	106,38453
1834	106,38235
1835	106,38055
1836	106,37874
1837	106,37742
1838	106,37526
1839	106,37332
1840	106,37183
1841	106,37018
1842	106,36815
1843	106,36605
1844	106,36447
1845	106,36284
1846	106,36112
1847	106,35959
1848	106,35717
1849	106,35546
1850	106,35332
1851	106,35158
1852	106,34987
1853	106,34791
1854	106,34569
1855	106,34394
1856	106,34183
1857	106,33995
1858	106,33752
1859	106,33566
1860	106,33425
1861	106,33248
1862	106,33076
1863	106,32836
1864	106,32632
1865	106,32411
1866	106,32198
1867	106,31967
1868	106,31769
1869	106,31594
1870	106,31391
1871	106,31185
1872	106,30955
1873	106,30781
1874	106,30585
1875	106,30382
1876	106,30145
1877	106,29978
1878	106,29754
1879	106,29540
1880	106,29355
1881	106,29168
1882	106,28987
1883	106,28729
1884	106,28551
1885	106,28316
1886	106,28128
1887	106,27973
1888	106,27794
1889	106,27593
1890	106,27369
1891	106,27133
1892	106,26957
1893	106,26764
1894	106,26573
1895	106,26352
1896	106,26120
1897	106,25905
1898	106,25707
1899	106,25551
1900	106,25385
1901	106,25215
1902	106,24963
1903	106,24760
1904	106,24572
1905	106,24409
1906	106,24188
1907	106,24004
1908	106,23853
1909	106,23620
1910	106,23421
1911	106,23202
1912	106,22989
1913	106,22784
1914	106,22576
1915	106,22369
1916	106,22207
1917	106,21978
1918	106,21789
1919	106,21534
1920	106,21357
1921	106,21188
1922	106,20976
1923	106,20739
1924	106,20568
1925	106,20337
1926	106,20163
1927	106,19976
1928	106,19761
1929	106,19562
1930	106,19313
1931	106,19128
1932	106,18899
1933	106,18751
1934	106,18525
1935	106,18362
1936	106,18142
1937	106,17938
1938	106,17779
1939	106,17581
1940	106,17378
1941	106,17182
1942	106,16980
1943	106,16830
1944	106,16618
1945	106,16451
1946	106,16217
1947	106,15990
1948	106,15759
1949	106,15550
1950	106,15345
1951	106,15184
1952	106,14998
1953	106,14834
1954	106,14627
1955	106,14439
1956	106,14269
1957	106,14070
1958	106,13862
1959	106,13670
1960	106,13411
1961	106,13234
1962	106,13036
1963	106,12836
1964	106,12608
1965	106,12408
1966	106,12203
1967	106,12018
1968	106,11812
1969	106,11623
1970	106,11400
1971	106,11172
1972	106,10975
1973	106,10741
1974	106,10548
1975	106,10334
1976	106,10147
1977	106,09937
1978	106,09728
1979	106,09487
1980	106,09294
1981	106,09103
1982	106,08901
1983	106,08665
1984	106,08433
1985	106,08258
1986	106,08076
1987	106,07878
1988	106,07639
1989	106,07446
1990	106,07281
1991	106,07050
1992	106,06890
1993	106,06689
1994	106,06476
1995	106,06214
1996	106,06063
1997	106,05885
1998	106,05662
1999	106,05452
2000	106,05221
2001	106,04997
2002	106,04836
2003	106,04623
2004	106,04435
2005	106,04241
2006	106,04015
2007	106,03800
2008	106,03591
2009	106,03381
2010	106,03145
2011	106,02925
2012	106,02659
2013	106,02488
2014	106,02310
2015	106,02103
2016	106,01881
2017	106,01695
2018	106,01486
2019	106,01259
2020	106,01026
2021	106,00823
2022	106,00629
2023	106,00410
2024	106,00180
2025	105,99974
2026	105,99784
2027	105,99601
2028	105,99375
2029	105,99183
2030	105,98924
2031	105,98701
2032	105,98511
2033	105,98284
2034	105,98062
2035	105,97872
2036	105,97639
2037	105,97428
2038	105,97248
2039	105,97037
2040	105,96836
2041	105,96656
2042	105,96426
2043	105,96244
2044	105,96093
2045	105,95854
2046	105,95636
2047	105,95393
2048	105,95171
2049	105,94948
2050	105,94748
2051	105,94485
2052	105,94277
2053	105,94038
2054	105,93843
2055	105,93579
2056	105,93391
2057	105,93197
2058	105,93013
2059	105,92827
2060	105,92629
2061	105,92373
2062	105,92153
2063	105,91942
2064	105,91729
2065	105,91517
2066	105,91297
2067	105,91117
2068	105,90913
2069	105,90677
2070	105,90439
2071	105,90238
2072	105,89989
2073	105,89751
2074	105,89577
2075	105,89290
2076	105,89105
2077	105,88923
2078	105,88709
2079	105,88493
2080	105,88254
2081	105,88008
2082	105,87799
2083	105,87638
2084	105,87406
2085	105,87189
2086	105,86979
2087	105,86762
2088	105,86549
2089	105,86304
2090	105,86080
2091	105,85852
2092	105,85647
2093	105,85404
2094	105,85180
2095	105,84957
2096	105,84752
2097	105,84553
2098	105,84311
2099	105,84078
2100	105,83874
2101	105,83722
2102	105,83512
2103	105,83335
2104	105,83109
2105	105,82876
2106	105,82668
2107	105,82452
2108	105,82229
2109	105,81992
2110	105,81768
2111	105,81523
2112	105,81243
2113	105,81007
2114	105,80742
2115	105,80533
2116	105,80278
2117	105,80015
2118	105,79819
2119	105,79536
2120	105,79352
2121	105,79117
2122	105,78896
2123	105,78635
2124	105,78412
2125	105,78211
2126	105,77957
2127	105,77761
2128	105,77510
2129	105,77275
2130	105,76970
2131	105,76769
2132	105,76543
2133	105,76373
2134	105,76151
2135	105,75936
2136	105,75707
2137	105,75421
2138	105,75192
2139	105,74929
2140	105,74749
2141	105,74468
2142	105,74233
2143	105,74021
2144	105,73800
2145	105,73571
2146	105,73353
2147	105,73139
2148	105,72930
2149	105,72674
2150	105,72436
2151	105,72178
2152	105,71960
2153	105,71729
2154	105,71468
2155	105,71286
2156	105,71059
2157	105,70808
2158	105,70566
2159	105,70332
2160	105,70078
2161	105,69824
2162	105,69624
2163	105,69424
2164	105,69189
2165	105,68943
2166	105,68711
2167	105,68454
2168	105,68284
2169	105,68075
2170	105,67811
2171	105,67569
2172	105,67368
2173	105,67085
2174	105,66833
2175	105,66599
2176	105,66365
2177	105,66128
2178	105,65913
2179	105,65659
2180	105,65408
2181	105,65229
2182	105,64972
2183	105,64750
2184	105,64527
2185	105,64260
2186	105,64067
2187	105,63837
2188	105,63571
2189	105,63323
2190	105,63080
2191	105,62870
2192	105,62615
2193	105,62417
2194	105,62160
2195	105,61933
2196	105,61707
2197	105,61496
2198	105,61260
2199	105,61002
2200	105,60764
2201	105,60486
2202	105,60254
2203	105,60041
2204	105,59844
2205	105,59659
2206	105,59370
2207	105,59154
2208	105,58934
2209	105,58681
2210	105,58461
2211	105,58172
2212	105,57986
2213	105,57739
2214	105,57527
2215	105,57318
2216	105,57005
2217	105,56759
2218	105,56508
2219	105,56273
2220	105,56062
2221	105,55788
2222	105,55551
2223	105,55372
2224	105,55143
2225	105,54912
2226	105,54698
2227	105,54457
2228	105,54199
2229	105,53985
2230	105,53765
2231	105,53512
2232	105,53276
2233	105,53025
2234	105,52792
2235	105,52474
2236	105,52222
2237	105,51961
2238	105,51717
2239	105,51494
2240	105,51237
2241	105,51015
2242	105,50716
2243	105,50498
2244	105,50241
2245	105,49964
2246	105,49732
2247	105,49477
2248	105,49213
2249	105,48953
2250	105,48693
2251	105,48465
2252	105,48215
2253	105,47979
2254	105,47759
2255	105,47492
2256	105,47234
2257	105,46978
2258	105,46716
2259	105,46490
2260	105,46254
2261	105,46008
2262	105,45770
2263	105,45501
2264	105,45278
2265	105,45041
2266	105,44783
2267	105,44569
2268	105,44295
2269	105,44040
2270	105,43758
2271	105,43539
2272	105,43270
2273	105,42998
2274	105,42785
2275	105,42529
2276	105,42264
2277	105,42008
2278	105,41752
2279	105,41489
2280	105,41196
2281	105,40928
2282	105,40703
2283	105,40441
2284	105,40227
2285	105,39974
2286	105,39695
2287	105,39454
2288	105,39299
2289	105,39062
2290	105,38791
2291	105,38595
2292	105,38347
2293	105,38092
2294	105,37905
2295	105,37617
2296	105,37389
2297	105,37130
2298	105,36875
2299	105,36644
2300	105,36294
2301	105,36094
2302	105,35860
2303	105,35602
2304	105,35369
2305	105,35173
2306	105,34937
2307	105,34661
2308	105,34421
2309	105,34155
2310	105,33881
2311	105,33635
2312	105,33442
2313	105,33185
2314	105,32941
2315	105,32726
2316	105,32475
2317	105,32309
2318	105,32059
2319	105,31839
2320	105,31556
2321	105,31296
2322	105,31034
2323	105,30839
2324	105,30560
2325	105,30351
2326	105,30065
2327	105,29787
2328	105,29562
2329	105,29291
2330	105,29069
2331	105,28808
2332	105,28498
2333	105,28237
2334	105,27997
2335	105,27674
2336	105,27444
2337	105,27224
2338	105,26980
2339	105,26692
2340	105,26451
2341	105,26203
2342	105,25977
2343	105,25709
2344	105,25507
2345	105,25226
2346	105,24965
2347	105,24710
2348	105,24424
2349	105,24172
2350	105,23873
2351	105,23603
2352	105,23341
2353	105,23065
2354	105,22833
2355	105,22570
2356	105,22307
2357	105,22033
2358	105,21764
2359	105,21521
2360	105,21275
2361	105,21010
2362	105,20708
2363	105,20485
2364	105,20249
2365	105,19990
2366	105,19751
2367	105,19516
2368	105,19282
2369	105,18988
2370	105,18728
2371	105,18493
2372	105,18222
2373	105,17977
2374	105,17726
2375	105,17498
2376	105,17295
2377	105,16966
2378	105,16692
2379	105,16456
2380	105,16209
2381	105,16002
2382	105,15739
2383	105,15528
2384	105,15250
2385	105,15009
2386	105,14717
2387	105,14463
2388	105,14206
2389	105,13944
2390	105,13739
2391	105,13464
2392	105,13203
2393	105,12940
2394	105,12658
2395	105,12445
2396	105,12155
2397	105,11929
2398	105,11646
2399	105,11417
2400	105,11162
2401	105,10908
2402	105,10618
2403	105,10351
2404	105,10141
2405	105,09852
2406	105,09621
2407	105,09316
2408	105,09065
2409	105,08801
2410	105,08505
2411	105,08228
2412	105,07943
2413	105,07684
2414	105,07457
2415	105,07169
2416	105,06953
2417	105,06708
2418	105,06413
2419	105,06139
2420	105,05846
2421	105,05538
2422	105,05303
2423	105,05082
2424	105,04794
2425	105,04507
2426	105,04224
2427	105,04005
2428	105,03789
2429	105,03520
2430	105,03273
2431	105,03038
2432	105,02761
2433	105,02500
2434	105,02240
2435	105,01971
2436	105,01718
2437	105,01500
2438	105,01243
2439	105,00972
2440	105,00699
2441	105,00452
2442	105,00212
2443	104,99909
2444	104,99675
2445	104,99375
2446	104,99059
2447	104,98813
2448	104,98533
2449	104,98272
2450	104,98021
2451	104,97776
2452	104,97465
2453	104,97184
2454	104,96798
2455	104,96554
2456	104,96246
2457	104,95960
2458	104,95700
2459	104,95446
2460	104,95159
2461	104,94902
2462	104,94635
2463	104,94354
2464	104,94100
2465	104,93801
2466	104,93536
2467	104,93278
2468	104,92958
2469	104,92733
2470	104,92444
2471	104,92207
2472	104,91899
2473	104,91644
2474	104,91348
2475	104,91028
2476	104,90760
2477	104,90452
2478	104,90208
2479	104,89941
2480	104,89659
2481	104,89363
2482	104,89123
2483	104,88874
2484	104,88578
2485	104,88344
2486	104,88069
2487	104,87825
2488	104,87547
2489	104,87284
2490	104,86997
2491	104,86787
2492	104,86529
2493	104,86243
2494	104,85973
2495	104,85683
2496	104,85421
2497	104,85183
2498	104,84820
2499	104,84582
2500	104,84313
2501	104,84037
2502	104,83769
2503	104,83519
2504	104,83260
2505	104,83036
2506	104,82756
2507	104,82517
2508	104,82290
2509	104,81983
2510	104,81727
2511	104,81411
2512	104,81131
2513	104,80812
2514	104,80566
2515	104,80271
2516	104,80059
2517	104,79778
2518	104,79544
2519	104,79308
2520	104,79015
2521	104,78717
2522	104,78414
2523	104,78188
2524	104,77891
2525	104,77598
2526	104,77369
2527	104,77159
2528	104,76908
2529	104,76576
2530	104,76335
2531	104,76026
2532	104,75815
2533	104,75531
2534	104,75257
2535	104,75051
2536	104,74773
2537	104,74566
2538	104,74231
2539	104,73976
2540	104,73703
2541	104,73337
2542	104,73033
2543	104,72750
2544	104,72427
2545	104,72243
2546	104,71912
2547	104,71645
2548	104,71328
2549	104,71058
2550	104,70791
2551	104,70510
2552	104,70259
2553	104,69972
2554	104,69714
2555	104,69463
2556	104,69204
2557	104,68858
2558	104,68608
2559	104,68329
2560	104,68028
2561	104,67796
2562	104,67525
2563	104,67229
2564	104,66965
2565	104,66684
2566	104,66429
2567	104,66215
2568	104,65909
2569	104,65590
2570	104,65329
2571	104,65060
2572	104,64762
2573	104,64470
2574	104,64239
2575	104,63909
2576	104,63630
2577	104,63318
2578	104,63001
2579	104,62766
2580	104,62507
2581	104,62209
2582	104,61924
2583	104,61642
2584	104,61386
2585	104,61069
2586	104,60822
2587	104,60533
2588	104,60266
2589	104,60024
2590	104,59694
2591	104,59411
2592	104,59123
2593	104,58883
2594	104,58610
2595	104,58342
2596	104,58036
2597	104,57773
2598	104,57467
2599	104,57225
2600	104,56943
2601	104,56731
2602	104,56418
2603	104,56119
2604	104,55892
2605	104,55640
2606	104,55306
2607	104,55008
2608	104,54739
2609	104,54454
2610	104,54195
2611	104,53898
2612	104,53672
2613	104,53331
2614	104,53033
2615	104,52804
2616	104,52530
2617	104,52246
2618	104,51950
2619	104,51725
2620	104,51380
2621	104,51120
2622	104,50869
2623	104,50601
2624	104,50313
2625	104,50015
2626	104,49779
2627	104,49507
2628	104,49251
2629	104,48981
2630	104,48709
2631	104,48379
2632	104,48122
2633	104,47835
2634	104,47470
2635	104,47214
2636	104,46934
2637	104,46651
2638	104,46352
2639	104,46054
2640	104,45796
2641	104,45506
2642	104,45200
2643	104,44958
2644	104,44714
2645	104,44474
2646	104,44138
2647	104,43783
2648	104,43492
2649	104,43230
2650	104,42933
2651	104,42673
2652	104,42421
2653	104,42150
2654	104,41830
2655	104,41549
2656	104,41263
2657	104,41004
2658	104,40734
2659	104,40449
2660	104,40148
2661	104,39885
2662	104,39564
2663	104,39283
2664	104,39000
2665	104,38769
2666	104,38477
2667	104,38157
2668	104,37858
2669	104,37651
2670	104,37388
2671	104,37049
2672	104,36771
2673	104,36479
2674	104,36190
2675	104,35926
2676	104,35666
2677	104,35336
2678	104,35087
2679	104,34821
2680	104,34554
2681	104,34278
2682	104,33957
2683	104,33707
2684	104,33383
2685	104,33084
2686	104,32837
2687	104,32558
2688	104,32316
2689	104,31955
2690	104,31690
2691	104,31430
2692	104,31107
2693	104,30747
2694	104,30453
2695	104,30128
2696	104,29814
2697	104,29572
2698	104,29352
2699	104,29132
2700	104,28851
2701	104,28620
2702	104,28261
2703	104,28007
2704	104,27720
2705	104,27400
2706	104,27097
2707	104,26818
2708	104,26533
2709	104,26249
2710	104,25973
2711	104,25650
2712	104,25315
2713	104,25034
2714	104,24753
2715	104,24361
2716	104,24115
2717	104,23836
2718	104,23523
2719	104,23220
2720	104,22947
2721	104,22671
2722	104,22382
2723	104,22116
2724	104,21926
2725	104,21649
2726	104,21348
2727	104,21068
2728	104,20812
2729	104,20543
2730	104,20266
2731	104,19991
2732	104,19728
2733	104,19420
2734	104,19146
2735	104,18859
2736	104,18579
2737	104,18252
2738	104,17967
2739	104,17706
2740	104,17440
2741	104,17116
2742	104,16853
2743	104,16555
2744	104,16247
2745	104,15918
2746	104,15679
2747	104,15357
2748	104,14989
2749	104,14709
2750	104,14413
2751	104,14116
2752	104,13825
2753	104,13545
2754	104,13249
2755	104,12936
2756	104,12656
2757	104,12288
2758	104,12006
2759	104,11697
2760	104,11356
2761	104,11012
2762	104,10691
2763	104,10398
2764	104,10101
2765	104,09805
2766	104,09519
2767	104,09228
2768	104,08919
2769	104,08570
2770	104,08235
2771	104,07944
2772	104,07627
2773	104,07318
2774	104,07063
2775	104,06696
2776	104,06437
2777	104,06095
2778	104,05798
2779	104,05492
2780	104,05210
2781	104,04899
2782	104,04600
2783	104,04298
2784	104,03968
2785	104,03723
2786	104,03426
2787	104,03148
2788	104,02829
2789	104,02507
2790	104,02212
2791	104,01904
2792	104,01590
2793	104,01302
2794	104,00955
2795	104,00654
2796	104,00462
2797	104,00103
2798	103,99850
2799	103,99590
2800	103,99394
2801	103,99123
2802	103,98878
2803	103,98602
2804	103,98282
2805	103,97922
2806	103,97647
2807	103,97298
2808	103,97032
2809	103,96761
2810	103,96393
2811	103,96100
2812	103,95832
2813	103,95546
2814	103,95268
2815	103,94950
2816	103,94680
2817	103,94399
2818	103,94130
2819	103,93820
2820	103,93585
2821	103,93240
2822	103,92925
2823	103,92710
2824	103,92364
2825	103,92039
2826	103,91727
2827	103,91441
2828	103,91131
2829	103,90849
2830	103,90531
2831	103,90218
2832	103,89881
2833	103,89645
2834	103,89363
2835	103,88999
2836	103,88726
2837	103,88463
2838	103,88093
2839	103,87748
2840	103,87476
2841	103,87187
2842	103,86948
2843	103,86653
2844	103,86371
2845	103,86104
2846	103,85770
2847	103,85513
2848	103,85257
2849	103,84912
2850	103,84594
2851	103,84262
2852	103,83973
2853	103,83727
2854	103,83403
2855	103,83109
2856	103,82807
2857	103,82533
2858	103,82209
2859	103,81894
2860	103,81601
2861	103,81274
2862	103,81047
2863	103,80702
2864	103,80456
2865	103,80125
2866	103,79834
2867	103,79570
2868	103,79239
2869	103,78935
2870	103,78635
2871	103,78327
2872	103,78005
2873	103,77687
2874	103,77401
2875	103,77109
2876	103,76856
2877	103,76616
2878	103,76300
2879	103,75975
2880	103,75710
2881	103,75367
2882	103,75067
2883	103,74744
2884	103,74420
2885	103,74051
2886	103,73715
2887	103,73444
2888	103,73147
2889	103,72817
2890	103,72520
2891	103,72233
2892	103,71983
2893	103,71652
2894	103,71285
2895	103,70967
2896	103,70717
2897	103,70424
2898	103,70109
2899	103,69825
2900	103,69571
2901	103,69280
2902	103,68984
2903	103,68582
2904	103,68260
2905	103,67944
2906	103,67548
2907	103,67237
2908	103,66933
2909	103,66620
2910	103,66294
2911	103,65999
2912	103,65685
2913	103,65423
2914	103,65075
2915	103,64757
2916	103,64462
2917	103,64183
2918	103,63947
2919	103,63588
2920	103,63350
2921	103,63039
2922	103,62682
2923	103,62418
2924	103,62148
2925	103,61839
2926	103,61515
2927	103,61248
2928	103,60902
2929	103,60613
2930	103,60351
2931	103,60039
2932	103,59684
2933	103,59412
2934	103,59105
2935	103,58797
2936	103,58448
2937	103,58121
2938	103,57905
2939	103,57583
2940	103,57253
2941	103,56945
2942	103,56574
2943	103,56269
2944	103,55951
2945	103,55705
2946	103,55441
2947	103,55097
2948	103,54802
2949	103,54511
2950	103,54169
2951	103,53852
2952	103,53574
2953	103,53241
2954	103,52931
2955	103,52672
2956	103,52328
2957	103,52103
2958	103,51802
2959	103,51535
2960	103,51185
2961	103,50927
2962	103,50554
2963	103,50275
2964	103,49934
2965	103,49623
2966	103,49285
2967	103,48934
2968	103,48690
2969	103,48353
2970	103,48018
2971	103,47782
2972	103,47454
2973	103,47114
2974	103,46758
2975	103,46451
2976	103,46098
2977	103,45762
2978	103,45424
2979	103,45121
2980	103,44799
2981	103,44508
2982	103,44170
2983	103,43971
2984	103,43642
2985	103,43322
2986	103,43003
2987	103,42770
2988	103,42483
2989	103,42161
2990	103,41870
2991	103,41587
2992	103,41277
2993	103,40962
2994	103,40657
2995	103,40332
2996	103,40013
2997	103,39753
2998	103,39359
2999	103,39028
3000	103,38803
3001	103,38514
3002	103,38285
3003	103,37963
3004	103,37670
3005	103,37310
3006	103,37036
3007	103,36786
3008	103,36388
3009	103,36103
3010	103,35818
3011	103,35512
3012	103,35124
3013	103,34816
3014	103,34514
3015	103,34183
3016	103,33864
3017	103,33581
3018	103,33314
3019	103,32928
3020	103,32597
3021	103,32267
3022	103,31966
3023	103,31645
3024	103,31311
3025	103,31036
3026	103,30712
3027	103,30413
3028	103,30081
3029	103,29779
3030	103,29415
3031	103,29090
3032	103,28857
3033	103,28552
3034	103,28271
3035	103,27928
3036	103,27589
3037	103,27299
3038	103,27018
3039	103,26685
3040	103,26341
3041	103,26051
3042	103,25728
3043	103,25368
3044	103,25043
3045	103,24660
3046	103,24354
3047	103,24017
3048	103,23674
3049	103,23393
3050	103,23087
3051	103,22724
3052	103,22404
3053	103,22102
3054	103,21811
3055	103,21525
3056	103,21247
3057	103,20950
3058	103,20594
3059	103,20209
3060	103,19885
3061	103,19561
3062	103,19204
3063	103,18955
3064	103,18685
3065	103,18329
3066	103,18048
3067	103,17727
3068	103,17446
3069	103,17142
3070	103,16815
3071	103,16539
3072	103,16139
3073	103,15786
3074	103,15458
3075	103,15144
3076	103,14820
3077	103,14521
3078	103,14266
3079	103,13919
3080	103,13633
3081	103,13284
3082	103,12953
3083	103,12576
3084	103,12281
3085	103,11946
3086	103,11642
3087	103,11305
3088	103,10927
3089	103,10632
3090	103,10369
3091	103,10075
3092	103,09683
3093	103,09352
3094	103,09060
3095	103,08740
3096	103,08480
3097	103,08083
3098	103,07785
3099	103,07442
3100	103,07157
3101	103,06871
3102	103,06575
3103	103,06257
3104	103,05982
3105	103,05696
3106	103,05432
3107	103,05132
3108	103,04828
3109	103,04542
3110	103,04218
3111	103,03863
3112	103,03536
3113	103,03224
3114	103,02904
3115	103,02578
3116	103,02305
3117	103,02029
3118	103,01697
3119	103,01357
3120	103,01040
3121	103,00685
3122	103,00303
3123	102,99979
3124	102,99649
3125	102,99374
3126	102,99010
3127	102,98739
3128	102,98431
3129	102,98058
3130	102,97691
3131	102,97420
3132	102,97070
3133	102,96781
3134	102,96517
3135	102,96216
3136	102,95941
3137	102,95690
3138	102,95282
3139	102,95004
3140	102,94687
3141	102,94345
3142	102,94081
3143	102,93758
3144	102,93442
3145	102,93104
3146	102,92789
3147	102,92486
3148	102,92140
3149	102,91835
3150	102,91538
3151	102,91287
3152	102,90978
3153	102,90648
3154	102,90393
3155	102,90054
3156	102,89800
3157	102,89440
3158	102,89178
3159	102,88895
3160	102,88610
3161	102,88320
3162	102,88020
3163	102,87632
3164	102,87355
3165	102,87103
3166	102,86765
3167	102,86446
3168	102,86160
3169	102,85905
3170	102,85600
3171	102,85286
3172	102,84872
3173	102,84516
3174	102,84182
3175	102,83866
3176	102,83519
3177	102,83231
3178	102,82910
3179	102,82535
3180	102,82256
3181	102,81987
3182	102,81565
3183	102,81292
3184	102,80904
3185	102,80629
3186	102,80347
3187	102,79982
3188	102,79649
3189	102,79364
3190	102,79083
3191	102,78762
3192	102,78382
3193	102,78132
3194	102,77837
3195	102,77522
3196	102,77237
3197	102,76924
3198	102,76647
3199	102,76369
3200	102,76096
3201	102,75783
3202	102,75427
3203	102,75121
3204	102,74823
3205	102,74436
3206	102,74169
3207	102,73829
3208	102,73494
3209	102,73223
3210	102,72926
3211	102,72642
3212	102,72332
3213	102,71976
3214	102,71719
3215	102,71391
3216	102,71102
3217	102,70807
3218	102,70455
3219	102,70111
3220	102,69888
3221	102,69536
3222	102,69241
3223	102,68918
3224	102,68636
3225	102,68405
3226	102,68099
3227	102,67817
3228	102,67426
3229	102,67107
3230	102,66746
3231	102,66478
3232	102,66111
3233	102,65769
3234	102,65476
3235	102,65233
3236	102,64976
3237	102,64591
3238	102,64274
3239	102,63902
3240	102,63589
3241	102,63281
3242	102,62925
3243	102,62589
3244	102,62351
3245	102,62036
3246	102,61716
3247	102,61423
3248	102,61086
3249	102,60772
3250	102,60437
3251	102,60138
3252	102,59773
3253	102,59483
3254	102,59167
3255	102,58819
3256	102,58454
3257	102,58114
3258	102,57735
3259	102,57438
3260	102,57195
3261	102,56840
3262	102,56553
3263	102,56250
3264	102,55973
3265	102,55655
3266	102,55344
3267	102,55000
3268	102,54705
3269	102,54448
3270	102,54145
3271	102,53837
3272	102,53532
3273	102,53207
3274	102,52886
3275	102,52520
3276	102,52236
3277	102,51911
3278	102,51622
3279	102,51295
3280	102,50949
3281	102,50596
3282	102,50290
3283	102,49969
3284	102,49651
3285	102,49381
3286	102,49013
3287	102,48675
3288	102,48353
3289	102,48040
3290	102,47727
3291	102,47479
3292	102,47129
3293	102,46892
3294	102,46493
3295	102,46237
3296	102,45894
3297	102,45618
3298	102,45354
3299	102,45019
3300	102,44723
3301	102,44355
3302	102,43955
3303	102,43637
3304	102,43247
3305	102,42977
3306	102,42615
3307	102,42353
3308	102,41939
3309	102,41613
3310	102,41323
3311	102,40997
3312	102,40719
3313	102,40356
3314	102,40066
3315	102,39722
3316	102,39426
3317	102,39080
3318	102,38720
3319	102,38420
3320	102,38124
3321	102,37775
3322	102,37395
3323	102,37030
3324	102,36723
3325	102,36409
3326	102,36113
3327	102,35809
3328	102,35563
3329	102,35189
3330	102,34917
3331	102,34601
3332	102,34272
3333	102,33951
3334	102,33623
3335	102,33320
3336	102,33034
3337	102,32745
3338	102,32421
3339	102,32139
3340	102,31794
3341	102,31473
3342	102,31095
3343	102,30831
3344	102,30507
3345	102,30182
3346	102,29847
3347	102,29501
3348	102,29204
3349	102,28878
3350	102,28518
3351	102,28181
3352	102,27821
3353	102,27526
3354	102,27197
3355	102,26886
3356	102,26634
3357	102,26142
3358	102,25782
3359	102,25522
3360	102,25219
3361	102,24870
3362	102,24596
3363	102,24257
3364	102,23906
3365	102,23533
3366	102,23168
3367	102,22824
3368	102,22469
3369	102,22160
3370	102,21817
3371	102,21507
3372	102,21169
3373	102,20848
3374	102,20528
3375	102,20189
3376	102,19837
3377	102,19493
3378	102,19138
3379	102,18794
3380	102,18492
3381	102,18112
3382	102,17823
3383	102,17451
3384	102,17169
3385	102,16873
3386	102,16537
3387	102,16169
3388	102,15845
3389	102,15516
3390	102,15174
3391	102,14775
3392	102,14538
3393	102,14193
3394	102,13859
3395	102,13585
3396	102,13272
3397	102,12878
3398	102,12559
3399	102,12240
3400	102,11977
3401	102,11612
3402	102,11338
3403	102,10981
3404	102,10666
3405	102,10345
3406	102,09988
3407	102,09636
3408	102,09397
3409	102,09092
3410	102,08734
3411	102,08374
3412	102,07910
3413	102,07639
3414	102,07310
3415	102,06994
3416	102,06712
3417	102,06420
3418	102,06081
3419	102,05796
3420	102,05480
3421	102,05170
3422	102,04787
3423	102,04452
3424	102,04214
3425	102,03884
3426	102,03584
3427	102,03268
3428	102,02953
3429	102,02687
3430	102,02367
3431	102,02051
3432	102,01730
3433	102,01411
3434	102,01086
3435	102,00788
3436	102,00469
3437	102,00145
3438	101,99831
3439	101,99516
3440	101,99186
3441	101,98901
3442	101,98538
3443	101,98231
3444	101,98023
3445	101,97727
3446	101,97470
3447	101,97207
3448	101,96922
3449	101,96636
3450	101,96272
3451	101,95949
3452	101,95736
3453	101,95391
3454	101,95050
3455	101,94738
3456	101,94471
3457	101,94164
3458	101,93815
3459	101,93496
3460	101,93084
3461	101,92726
3462	101,92428
3463	101,92092
3464	101,91715
3465	101,91414
3466	101,91161
3467	101,90851
3468	101,90516
3469	101,90196
3470	101,89886
3471	101,89574
3472	101,89272
3473	101,88931
3474	101,88645
3475	101,88310
3476	101,87978
3477	101,87629
3478	101,87346
3479	101,87008
3480	101,86686
3481	101,86340
3482	101,86005
3483	101,85769
3484	101,85394
3485	101,85038
3486	101,84787
3487	101,84509
3488	101,84225
3489	101,83925
3490	101,83590
3491	101,83253
3492	101,82920
3493	101,82625
3494	101,82325
3495	101,81994
3496	101,81696
3497	101,81380
3498	101,81071
3499	101,80711
3500	101,80402
3501	101,80136
3502	101,79825
3503	101,79556
3504	101,79241
3505	101,78897
3506	101,78583
3507	101,78210
3508	101,77887
3509	101,77607
3510	101,77334
3511	101,77003
3512	101,76677
3513	101,76368
3514	101,76098
3515	101,75736
3516	101,75429
3517	101,75131
3518	101,74799
3519	101,74439
3520	101,74129
3521	101,73837
3522	101,73552
3523	101,73144
3524	101,72761
3525	101,72487
3526	101,72088
3527	101,71774
3528	101,71454
3529	101,71095
3530	101,70779
3531	101,70464
3532	101,70109
3533	101,69731
3534	101,69401
3535	101,69083
3536	101,68730
3537	101,68374
3538	101,68038
3539	101,67761
3540	101,67403
3541	101,67048
3542	101,66707
3543	101,66360
3544	101,66053
3545	101,65780
3546	101,65443
3547	101,65052
3548	101,64682
3549	101,64367
3550	101,64057
3551	101,63758
3552	101,63432
3553	101,63184
3554	101,62829
3555	101,62551
3556	101,62260
3557	101,61924
3558	101,61645
3559	101,61359
3560	101,60991
3561	101,60628
3562	101,60321
3563	101,60005
3564	101,59737
3565	101,59392
3566	101,59127
3567	101,58771
3568	101,58425
3569	101,58198
3570	101,57892
3571	101,57582
3572	101,57331
3573	101,57024
3574	101,56703
3575	101,56387
3576	101,56120
3577	101,55786
3578	101,55471
3579	101,55136
3580	101,54850
3581	101,54563
3582	101,54238
3583	101,53948
3584	101,53606
3585	101,53272
3586	101,52969
3587	101,52645
3588	101,52348
3589	101,52015
3590	101,51755
3591	101,51444
3592	101,51131
3593	101,50788
3594	101,50456
3595	101,50173
3596	101,49832
3597	101,49493
3598	101,49176
3599	101,48926
3600	101,48602
3601	101,48278
3602	101,47953
3603	101,47640
3604	101,47303
3605	101,47010
3606	101,46720
3607	101,46388
3608	101,46009
3609	101,45755
3610	101,45434
3611	101,45115
3612	101,44811
3613	101,44429
3614	101,44091
3615	101,43868
3616	101,43503
3617	101,43173
3618	101,42807
3619	101,42488
3620	101,42203
3621	101,41956
3622	101,41631
3623	101,41294
3624	101,41040
3625	101,40662
3626	101,40364
3627	101,40030
3628	101,39774
3629	101,39416
3630	101,39083
3631	101,38732
3632	101,38366
3633	101,38065
3634	101,37771
3635	101,37427
3636	101,37154
3637	101,36848
3638	101,36619
3639	101,36260
3640	101,36018
3641	101,35641
3642	101,35356
3643	101,35046
3644	101,34697
3645	101,34373
3646	101,34106
3647	101,33812
3648	101,33488
3649	101,33148
3650	101,32867
3651	101,32503
3652	101,32208
3653	101,31890
3654	101,31596
3655	101,31274
3656	101,31003
3657	101,30662
3658	101,30362
3659	101,30044
3660	101,29778
3661	101,29492
3662	101,29193
3663	101,28821
3664	101,28524
3665	101,28183
3666	101,27904
3667	101,27655
3668	101,27355
3669	101,27043
3670	101,26767
3671	101,26504
3672	101,26174
3673	101,25793
3674	101,25516
3675	101,25226
3676	101,24937
3677	101,24663
3678	101,24335
3679	101,24008
3680	101,23721
3681	101,23375
3682	101,23071
3683	101,22740
3684	101,22539
3685	101,22203
3686	101,21938
3687	101,21638
3688	101,21353
3689	101,21030
3690	101,20706
3691	101,20419
3692	101,20061
3693	101,19741
3694	101,19447
3695	101,19140
3696	101,18824
3697	101,18479
3698	101,18114
3699	101,17772
3700	101,17435
3701	101,17051
3702	101,16735
3703	101,16497
3704	101,16226
3705	101,15934
3706	101,15643
3707	101,15372
3708	101,15078
3709	101,14732
3710	101,14469
3711	101,14158
3712	101,13861
3713	101,13510
3714	101,13204
3715	101,12919
3716	101,12558
3717	101,12246
3718	101,11947
3719	101,11618
3720	101,11285
3721	101,10978
3722	101,10615
3723	101,10282
3724	101,09977
3725	101,09681
3726	101,09343
3727	101,09053
3728	101,08766
3729	101,08445
3730	101,08136
3731	101,07820
3732	101,07587
3733	101,07225
3734	101,06870
3735	101,06604
3736	101,06238
3737	101,05904
3738	101,05617
3739	101,05363
3740	101,05023
3741	101,04767
3742	101,04467
3743	101,04146
3744	101,03809
3745	101,03504
3746	101,03222
3747	101,02938
3748	101,02654
3749	101,02255
3750	101,01976
3751	101,01720
3752	101,01374
3753	101,01057
3754	101,00759
3755	101,00456
3756	101,00183
3757	100,99904
3758	100,99592
3759	100,99323
3760	100,99102
3761	100,98804
3762	100,98508
3763	100,98234
3764	100,97972
3765	100,97706
3766	100,97429
3767	100,97144
3768	100,96851
3769	100,96558
3770	100,96267
3771	100,96002
3772	100,95638
3773	100,95372
3774	100,94990
3775	100,94687
3776	100,94445
3777	100,94112
3778	100,93827
3779	100,93507
3780	100,93245
3781	100,92968
3782	100,92606
3783	100,92285
3784	100,91942
3785	100,91595
3786	100,91313
3787	100,90953
3788	100,90673
3789	100,90392
3790	100,90121
3791	100,89841
3792	100,89548
3793	100,89241
3794	100,88929
3795	100,88616
3796	100,88399
3797	100,88041
3798	100,87729
3799	100,87402
3800	100,87121
3801	100,86823
3802	100,86517
3803	100,86187
3804	100,85871
3805	100,85561
3806	100,85242
3807	100,84961
3808	100,84650
3809	100,84316
3810	100,84034
3811	100,83713
3812	100,83333
3813	100,83014
3814	100,82743
3815	100,82386
3816	100,82065
3817	100,81753
3818	100,81450
3819	100,81125
3820	100,80808
3821	100,80513
3822	100,80249
3823	100,79898
3824	100,79656
3825	100,79377
3826	100,79071
3827	100,78807
3828	100,78489
3829	100,78201
3830	100,77895
3831	100,77589
3832	100,77292
3833	100,76974
3834	100,76704
3835	100,76426
3836	100,76200
3837	100,75900
3838	100,75625
3839	100,75298
3840	100,74994
3841	100,74764
3842	100,74435
3843	100,74166
3844	100,73798
3845	100,73449
3846	100,73196
3847	100,72891
3848	100,72594
3849	100,72309
3850	100,71952
3851	100,71614
3852	100,71347
3853	100,71076
3854	100,70717
3855	100,70476
3856	100,70167
3857	100,69813
3858	100,69590
3859	100,69341
3860	100,69073
3861	100,68813
3862	100,68502
3863	100,68241
3864	100,67948
3865	100,67644
3866	100,67350
3867	100,67027
3868	100,66716
3869	100,66408
3870	100,66132
3871	100,65730
3872	100,65479
3873	100,65268
3874	100,64899
3875	100,64611
3876	100,64319
3877	100,63976
3878	100,63742
3879	100,63494
3880	100,63200
3881	100,62856
3882	100,62565
3883	100,62285
3884	100,62050
3885	100,61746
3886	100,61426
3887	100,61133
3888	100,60866
3889	100,60563
3890	100,60280
3891	100,59958
3892	100,59665
3893	100,59352
3894	100,59003
3895	100,58635
3896	100,58376
3897	100,58066
3898	100,57812
3899	100,57508
3900	100,57261
3901	100,56978
3902	100,56707
3903	100,56399
3904	100,56030
3905	100,55761
3906	100,55485
3907	100,55141
3908	100,54918
3909	100,54704
3910	100,54443
3911	100,54200
3912	100,53908
3913	100,53578
3914	100,53282
3915	100,53045
3916	100,52736
3917	100,52407
3918	100,52144
3919	100,51851
3920	100,51636
3921	100,51339
3922	100,51117
3923	100,50818
3924	100,50592
3925	100,50337
3926	100,50076
3927	100,49813
3928	100,49556
3929	100,49293
3930	100,48950
3931	100,48706
3932	100,48451
3933	100,48177
3934	100,47932
3935	100,47585
3936	100,47346
3937	100,47036
3938	100,46751
3939	100,46483
3940	100,46120
3941	100,45822
3942	100,45529
3943	100,45267
3944	100,45011
3945	100,44725
3946	100,44399
3947	100,44167
3948	100,43884
3949	100,43624
3950	100,43351
3951	100,43050
3952	100,42778
3953	100,42437
3954	100,42163
3955	100,41887
3956	100,41613
3957	100,41244
3958	100,40908
3959	100,40603
3960	100,40251
3961	100,39979
3962	100,39676
3963	100,39399
3964	100,39056
3965	100,38705
3966	100,38367
3967	100,38163
3968	100,37909
3969	100,37612
3970	100,37293
3971	100,37025
3972	100,36709
3973	100,36466
3974	100,36188
3975	100,35907
3976	100,35622
3977	100,35371
3978	100,35005
3979	100,34710
3980	100,34391
3981	100,34158
3982	100,33856
3983	100,33558
3984	100,33240
3985	100,33028
3986	100,32775
3987	100,32484
3988	100,32196
3989	100,31961
3990	100,31714
3991	100,31373
3992	100,31083
3993	100,30803
3994	100,30583
3995	100,30307
3996	100,29988
3997	100,29632
3998	100,29361
3999	100,29037
4000	100,28791
4001	100,28491
4002	100,28219
4003	100,27954
4004	100,27712
4005	100,27379
4006	100,27135
4007	100,26904
4008	100,26490
4009	100,26234
4010	100,25964
4011	100,25663
4012	100,25392
4013	100,25100
4014	100,24830
4015	100,24553
4016	100,24269
4017	100,23982
4018	100,23737
4019	100,23434
4020	100,23173
4021	100,22896
4022	100,22600
4023	100,22330
4024	100,21968
4025	100,21713
4026	100,21474
4027	100,21175
4028	100,20901
4029	100,20590
4030	100,20259
4031	100,19999
4032	100,19708
4033	100,19400
4034	100,19097
4035	100,18819
4036	100,18526
4037	100,18224
4038	100,17952
4039	100,17625
4040	100,17352
4041	100,17071
4042	100,16835
4043	100,16534
4044	100,16303
4045	100,15996
4046	100,15736
4047	100,15466
4048	100,15124
4049	100,14807
4050	100,14544
4051	100,14185
4052	100,13932
4053	100,13657
4054	100,13391
4055	100,13151
4056	100,12876
4057	100,12608
4058	100,12358
4059	100,12027
4060	100,11730
4061	100,11428
4062	100,11168
4063	100,10879
4064	100,10639
4065	100,10372
4066	100,10022
4067	100,09778
4068	100,09492
4069	100,09267
4070	100,08964
4071	100,08687
4072	100,08387
4073	100,08148
4074	100,07815
4075	100,07567
4076	100,07234
4077	100,06941
4078	100,06652
4079	100,06396
4080	100,06146
4081	100,05884
4082	100,05583
4083	100,05346
4084	100,05170
4085	100,04892
4086	100,04651
4087	100,04325
4088	100,04075
4089	100,03783
4090	100,03538
4091	100,03241
4092	100,03021
4093	100,02764
4094	100,02500
4095	100,02225
4096	100,01980
4097	100,01713
4098	100,01458
4099	100,01168
4100	100,00884
4101	100,00593
4102	100,00371
4103	100,00045
4104	99,99772
4105	99,99481
4106	99,99182
4107	99,98904
4108	99,98648
4109	99,98358
4110	99,98144
4111	99,97860
4112	99,97615
4113	99,97349
4114	99,97153
4115	99,96892
4116	99,96575
4117	99,96284
4118	99,95981
4119	99,95679
4120	99,95402
4121	99,95127
4122	99,94874
4123	99,94621
4124	99,94311
4125	99,94025
4126	99,93786
4127	99,93514
4128	99,93263
4129	99,93002
4130	99,92763
4131	99,92514
4132	99,92184
4133	99,91894
4134	99,91642
4135	99,91359
4136	99,91096
4137	99,90801
4138	99,90509
4139	99,90193
4140	99,89938
4141	99,89726
4142	99,89454
4143	99,89198
4144	99,88967
4145	99,88720
4146	99,88489
4147	99,88256
4148	99,87998
4149	99,87647
4150	99,87382
4151	99,87119
4152	99,86870
4153	99,86566
4154	99,86291
4155	99,86086
4156	99,85842
4157	99,85632
4158	99,85358
4159	99,85092
4160	99,84834
4161	99,84563
4162	99,84290
4163	99,84030
4164	99,83750
4165	99,83493
4166	99,83234
4167	99,82981
4168	99,82654
4169	99,82388
4170	99,82146
4171	99,81850
4172	99,81566
4173	99,81300
4174	99,81033
4175	99,80814
4176	99,80571
4177	99,80309
4178	99,80049
4179	99,79793
4180	99,79526
4181	99,79316
4182	99,79072
4183	99,78804
4184	99,78514
4185	99,78288
4186	99,77960
4187	99,77679
4188	99,77395
4189	99,77186
4190	99,76934
4191	99,76696
4192	99,76392
4193	99,76142
4194	99,75864
4195	99,75560
4196	99,75347
4197	99,75110
4198	99,74853
4199	99,74612
4200	99,74360
4201	99,74026
4202	99,73748
4203	99,73491
4204	99,73225
4205	99,72987
4206	99,72711
4207	99,72407
4208	99,72138
4209	99,71851
4210	99,71615
4211	99,71409
4212	99,71120
4213	99,70830
4214	99,70608
4215	99,70334
4216	99,70049
4217	99,69797
4218	99,69454
4219	99,69207
4220	99,68985
4221	99,68741
4222	99,68494
4223	99,68251
4224	99,67976
4225	99,67691
4226	99,67437
4227	99,67184
4228	99,66932
4229	99,66650
4230	99,66380
4231	99,66088
4232	99,65834
4233	99,65463
4234	99,65215
4235	99,64964
4236	99,64738
4237	99,64452
4238	99,64136
4239	99,63898
4240	99,63608
4241	99,63346
4242	99,63109
4243	99,62838
4244	99,62553
4245	99,62310
4246	99,62055
4247	99,61820
4248	99,61497
4249	99,61239
4250	99,60919
4251	99,60626
4252	99,60367
4253	99,60142
4254	99,59859
4255	99,59628
4256	99,59382
4257	99,59062
4258	99,58864
4259	99,58589
4260	99,58320
4261	99,58024
4262	99,57780
4263	99,57494
4264	99,57215
4265	99,56952
4266	99,56766
4267	99,56541
4268	99,56255
4269	99,56031
4270	99,55724
4271	99,55482
4272	99,55241
4273	99,54975
4274	99,54714
4275	99,54405
4276	99,54200
4277	99,53907
4278	99,53661
4279	99,53391
4280	99,53072
4281	99,52856
4282	99,52611
4283	99,52381
4284	99,52178
4285	99,51891
4286	99,51601
4287	99,51366
4288	99,51141
4289	99,50852
4290	99,50614
4291	99,50383
4292	99,50160
4293	99,49896
4294	99,49583
4295	99,49290
4296	99,49022
4297	99,48791
4298	99,48624
4299	99,48366
4300	99,48086
4301	99,47869
4302	99,47659
4303	99,47437
4304	99,47114
4305	99,46862
4306	99,46648
4307	99,46381
4308	99,46126
4309	99,45816
4310	99,45549
4311	99,45331
4312	99,45112
4313	99,44849
4314	99,44643
4315	99,44367
4316	99,44092
4317	99,43827
4318	99,43568
4319	99,43288
4320	99,43093
4321	99,42836
4322	99,42558
4323	99,42337
4324	99,42016
4325	99,41762
4326	99,41548
4327	99,41336
4328	99,41148
4329	99,40927
4330	99,40600
4331	99,40352
4332	99,40103
4333	99,39864
4334	99,39622
4335	99,39345
4336	99,39075
4337	99,38849
4338	99,38556
4339	99,38331
4340	99,38092
4341	99,37893
4342	99,37649
4343	99,37391
4344	99,37199
4345	99,36991
4346	99,36739
4347	99,36532
4348	99,36301
4349	99,36013
4350	99,35778
4351	99,35546
4352	99,35280
4353	99,35051
4354	99,34854
4355	99,34591
4356	99,34327
4357	99,34090
4358	99,33805
4359	99,33548
4360	99,33314
4361	99,33026
4362	99,32797
4363	99,32557
4364	99,32310
4365	99,32095
4366	99,31822
4367	99,31563
4368	99,31336
4369	99,31079
4370	99,30851
4371	99,30655
4372	99,30492
4373	99,30252
4374	99,30010
4375	99,29796
4376	99,29560
4377	99,29370
4378	99,29140
4379	99,28919
4380	99,28685
4381	99,28446
4382	99,28243
4383	99,28002
4384	99,27752
4385	99,27487
4386	99,27295
4387	99,27101
4388	99,26840
4389	99,26666
4390	99,26421
4391	99,26178
4392	99,25921
4393	99,25673
4394	99,25469
4395	99,25237
4396	99,25037
4397	99,24809
4398	99,24592
4399	99,24378
4400	99,24151
4401	99,23949
4402	99,23725
4403	99,23567
4404	99,23323
4405	99,23062
4406	99,22814
4407	99,22607
4408	99,22396
4409	99,22161
4410	99,21960
4411	99,21723
4412	99,21489
4413	99,21295
4414	99,21047
4415	99,20849
4416	99,20521
4417	99,20324
4418	99,20091
4419	99,19837
4420	99,19635
4421	99,19396
4422	99,19199
4423	99,19005
4424	99,18708
4425	99,18503
4426	99,18256
4427	99,18011
4428	99,17752
4429	99,17521
4430	99,17206
4431	99,16947
4432	99,16687
4433	99,16478
4434	99,16229
4435	99,16009
4436	99,15815
4437	99,15529
4438	99,15319
4439	99,15077
4440	99,14881
4441	99,14648
4442	99,14373
4443	99,14166
4444	99,13926
4445	99,13721
4446	99,13511
4447	99,13322
4448	99,13115
4449	99,12923
4450	99,12714
4451	99,12478
4452	99,12258
4453	99,12013
4454	99,11790
4455	99,11535
4456	99,11321
4457	99,11076
4458	99,10861
4459	99,10673
4460	99,10483
4461	99,10294
4462	99,10081
4463	99,09806
4464	99,09604
4465	99,09386
4466	99,09126
4467	99,08887
4468	99,08569
4469	99,08370
4470	99,08156
4471	99,07945
4472	99,07708
4473	99,07525
4474	99,07311
4475	99,07104
4476	99,06919
4477	99,06623
4478	99,06404
4479	99,06177
4480	99,05918
4481	99,05707
4482	99,05559
4483	99,05321
4484	99,05066
4485	99,04843
4486	99,04633
4487	99,04373
4488	99,04156
4489	99,03949
4490	99,03777
4491	99,03563
4492	99,03324
4493	99,03092
4494	99,02895
4495	99,02687
4496	99,02532
4497	99,02271
4498	99,02079
4499	99,01879
4500	99,01632
4501	99,01435
4502	99,01198
4503	99,01005
4504	99,00827
4505	99,00574
4506	99,00339
4507	99,00116
4508	98,99883
4509	98,99672
4510	98,99491
4511	98,99285
4512	98,99082
4513	98,98863
4514	98,98636
4515	98,98436
4516	98,98245
4517	98,98063
4518	98,97862
4519	98,97658
4520	98,97444
4521	98,97249
4522	98,97011
4523	98,96809
4524	98,96586
4525	98,96391
4526	98,96188
4527	98,95974
4528	98,95742
4529	98,95520
4530	98,95333
4531	98,95106
4532	98,94898
4533	98,94697
4534	98,94517
4535	98,94248
4536	98,94024
4537	98,93808
4538	98,93561
4539	98,93337
4540	98,93120
4541	98,92969
4542	98,92787
4543	98,92562
4544	98,92312
4545	98,92130
4546	98,91944
4547	98,91735
4548	98,91481
4549	98,91262
4550	98,91024
4551	98,90825
4552	98,90600
4553	98,90401
4554	98,90199
4555	98,89952
4556	98,89805
4557	98,89619
4558	98,89401
4559	98,89192
4560	98,88954
4561	98,88785
4562	98,88591
4563	98,88381
4564	98,88177
4565	98,87971
4566	98,87806
4567	98,87632
4568	98,87482
4569	98,87243
4570	98,87046
4571	98,86831
4572	98,86645
4573	98,86427
4574	98,86268
4575	98,86078
4576	98,85920
4577	98,85695
4578	98,85493
4579	98,85216
4580	98,85042
4581	98,84816
4582	98,84602
4583	98,84384
4584	98,84206
4585	98,84020
4586	98,83803
4587	98,83625
4588	98,83447
4589	98,83248
4590	98,83038
4591	98,82894
4592	98,82712
4593	98,82498
4594	98,82314
4595	98,82081
4596	98,81899
4597	98,81709
4598	98,81519
4599	98,81334
4600	98,81121
4601	98,80921
4602	98,80685
4603	98,80491
4604	98,80307
4605	98,80066
4606	98,79832
4607	98,79668
4608	98,79499
4609	98,79312
4610	98,79140
4611	98,78952
4612	98,78768
4613	98,78570
4614	98,78377
4615	98,78170
4616	98,78012
4617	98,77814
4618	98,77616
4619	98,77438
4620	98,77234
4621	98,77055
4622	98,76856
4623	98,76665
4624	98,76468
4625	98,76272
4626	98,76042
4627	98,75873
4628	98,75671
4629	98,75476
4630	98,75288
4631	98,75066
4632	98,74897
4633	98,74725
4634	98,74513
4635	98,74319
4636	98,74156
4637	98,73963
4638	98,73764
4639	98,73573
4640	98,73377
4641	98,73239
4642	98,73035
4643	98,72867
4644	98,72672
4645	98,72508
4646	98,72341
4647	98,72182
4648	98,72020
4649	98,71813
4650	98,71617
4651	98,71434
4652	98,71235
4653	98,71042
4654	98,70872
4655	98,70710
4656	98,70512
4657	98,70340
4658	98,70127
4659	98,69911
4660	98,69743
4661	98,69590
4662	98,69408
4663	98,69159
4664	98,68947
4665	98,68767
4666	98,68514
4667	98,68351
4668	98,68153
4669	98,68012
4670	98,67818
4671	98,67637
4672	98,67441
4673	98,67262
4674	98,67136
4675	98,66939
4676	98,66773
4677	98,66592
4678	98,66427
4679	98,66226
4680	98,66052
4681	98,65822
4682	98,65670
4683	98,65514
4684	98,65338
4685	98,65152
4686	98,64903
4687	98,64733
4688	98,64530
4689	98,64351
4690	98,64180
4691	98,63947
4692	98,63782
4693	98,63567
4694	98,63354
4695	98,63200
4696	98,63017
4697	98,62808
4698	98,62627
4699	98,62438
4700	98,62268
4701	98,62078
4702	98,61926
4703	98,61735
4704	98,61599
4705	98,61411
4706	98,61224
4707	98,61072
4708	98,60911
4709	98,60685
4710	98,60506
4711	98,60343
4712	98,60144
4713	98,59983
4714	98,59800
4715	98,59628
4716	98,59463
4717	98,59274
4718	98,59103
4719	98,58903
4720	98,58727
4721	98,58512
4722	98,58339
4723	98,58191
4724	98,58006
4725	98,57804
4726	98,57654
4727	98,57455
4728	98,57295
4729	98,57151
4730	98,56935
4731	98,56766
4732	98,56616
4733	98,56476
4734	98,56278
4735	98,56104
4736	98,55917
4737	98,55719
4738	98,55523
4739	98,55353
4740	98,55181
4741	98,55017
4742	98,54838
4743	98,54682
4744	98,54515
4745	98,54367
4746	98,54192
4747	98,54020
4748	98,53868
4749	98,53693
4750	98,53500
4751	98,53313
4752	98,53146
4753	98,52996
4754	98,52786
4755	98,52618
4756	98,52453
4757	98,52249
4758	98,52085
4759	98,51922
4760	98,51760
4761	98,51578
4762	98,51398
4763	98,51246
4764	98,51052
4765	98,50883
4766	98,50732
4767	98,50547
4768	98,50407
4769	98,50196
4770	98,50034
4771	98,49850
4772	98,49659
4773	98,49508
4774	98,49344
4775	98,49189
4776	98,49030
4777	98,48871
4778	98,48749
4779	98,48576
4780	98,48424
4781	98,48286
4782	98,48094
4783	98,47919
4784	98,47769
4785	98,47588
4786	98,47427
4787	98,47264
4788	98,47083
4789	98,46933
4790	98,46734
4791	98,46560
4792	98,46399
4793	98,46216
4794	98,46053
4795	98,45908
4796	98,45769
4797	98,45611
4798	98,45430
4799	98,45267
4800	98,45105
4801	98,44979
4802	98,44809
4803	98,44636
4804	98,44461
4805	98,44307
4806	98,44169
4807	98,44041
4808	98,43885
4809	98,43731
4810	98,43589
4811	98,43440
4812	98,43292
4813	98,43150
4814	98,42960
4815	98,42831
4816	98,42618
4817	98,42467
4818	98,42313
4819	98,42131
4820	98,41983
4821	98,41855
4822	98,41675
4823	98,41525
4824	98,41352
4825	98,41200
4826	98,41037
4827	98,40888
4828	98,40756
4829	98,40572
4830	98,40441
4831	98,40317
4832	98,40146
4833	98,39983
4834	98,39849
4835	98,39728
4836	98,39575
4837	98,39444
4838	98,39295
4839	98,39125
4840	98,38956
4841	98,38805
4842	98,38636
4843	98,38469
4844	98,38322
4845	98,38160
4846	98,37986
4847	98,37847
4848	98,37714
4849	98,37562
4850	98,37418
4851	98,37289
4852	98,37159
4853	98,37014
4854	98,36878
4855	98,36710
4856	98,36531
4857	98,36404
4858	98,36240
4859	98,36068
4860	98,35921
4861	98,35794
4862	98,35626
4863	98,35495
4864	98,35303
4865	98,35161
4866	98,35004
4867	98,34875
4868	98,34752
4869	98,34575
4870	98,34458
4871	98,34290
4872	98,34138
4873	98,34015
4874	98,33879
4875	98,33724
4876	98,33559
4877	98,33380
4878	98,33258
4879	98,33080
4880	98,32964
4881	98,32837
4882	98,32709
4883	98,32581
4884	98,32456
4885	98,32301
4886	98,32175
4887	98,32034
4888	98,31902
4889	98,31746
4890	98,31573
4891	98,31441
4892	98,31298
4893	98,31161
4894	98,31008
4895	98,30885
4896	98,30729
4897	98,30599
4898	98,30466
4899	98,30338
4900	98,30189
4901	98,30054
4902	98,29926
4903	98,29761
4904	98,29601
4905	98,29432
4906	98,29289
4907	98,29162
4908	98,29036
4909	98,28877
4910	98,28708
4911	98,28562
4912	98,28425
4913	98,28271
4914	98,28146
4915	98,28000
4916	98,27872
4917	98,27731
4918	98,27594
4919	98,27451
4920	98,27313
4921	98,27221
4922	98,27071
4923	98,26937
4924	98,26784
4925	98,26650
4926	98,26506
4927	98,26382
4928	98,26237
4929	98,26122
4930	98,25972
4931	98,25832
4932	98,25719
4933	98,25595
4934	98,25456
4935	98,25355
4936	98,25219
4937	98,25077
4938	98,24943
4939	98,24795
4940	98,24667
4941	98,24531
4942	98,24391
4943	98,24255
4944	98,24124
4945	98,23976
4946	98,23866
4947	98,23714
4948	98,23608
4949	98,23454
4950	98,23327
4951	98,23186
4952	98,23097
4953	98,22927
4954	98,22777
4955	98,22656
4956	98,22537
4957	98,22395
4958	98,22287
4959	98,22160
4960	98,22020
4961	98,21881
4962	98,21755
4963	98,21629
4964	98,21501
4965	98,21358
4966	98,21228
4967	98,21094
4968	98,20965
4969	98,20833
4970	98,20702
4971	98,20578
4972	98,20440
4973	98,20309
4974	98,20158
4975	98,20031
4976	98,19894
4977	98,19766
4978	98,19617
4979	98,19478
4980	98,19354
4981	98,19239
4982	98,19098
4983	98,18976
4984	98,18876
4985	98,18765
4986	98,18658
4987	98,18509
4988	98,18375
4989	98,18239
4990	98,18130
4991	98,17985
4992	98,17861
4993	98,17734
4994	98,17626
4995	98,17501
4996	98,17361
4997	98,17240
4998	98,17124
4999	98,16990
5000	98,16897
