75 3 -1
2.0 4.0 -1
2.0 3.25 -1
2.0 4.75 -1
2.75 4.0 -1
1.2 4.0 -1
1.5 3.5 -1
2.5 4.0 -1
2.5 4.5 -1
1.5 4.5 -1
1.75 3.25 -1
2.25 3.25 -1
2.25 4.75 -1
1.75 4.75 -1
6.75 2.75 1
7.0 2.75 1
7.25 2.75 1
6.25 3.0 1
6.5 3.0 1
6.75 3.0 1
7.0 3.0 1
7.25 3.0 1
7.5 3.0 1
7.75 3.0 1
5.75 3.0 1
5.5 3.25 1
5.75 3.25 1
6.0 3.25 1
6.25 3.25 1
6.5 3.25 1
5.25 3.5 1
5.5 3.5 1
5.75 3.5 1
6.0 3.5 1
6.25 3.5 1
6.5 3.5 1
6.75 3.5 1
5.25 3.75 1
5.5 3.75 1
5.75 3.75 1
6.0 3.75 1
6.25 3.75 1
6.5 3.75 1
6.75 3.75 1
5.25 4.0 1
5.5 4.0 1
5.75 4.0 1
6.0 4.0 1
6.25 4.0 1
6.5 4.0 1
6.75 4.0 1
5.5 4.25 1
5.75 4.25 1
6.0 4.25 1
6.25 4.25 1
6.5 4.25 1
6.0 4.5 1
3.5 5.0 -1
3.75 5.0 -1
4.0 5.0 -1
4.25 5.0 -1
4.5 5.0 -1
3.5 5.25 -1
3.75 5.25 -1
4.0 5.25 -1
4.25 5.25 -1
4.5 5.25 -1
3.5 5.5 -1
3.75 5.5 -1
4.0 5.5 -1
4.25 5.5 -1
4.5 5.5 -1
3.5 5.75 -1
3.75 5.75 -1
4.0 5.75 -1
4.25 5.75 -1 
