0	989,01125
1	979,98845
2	975,27427
3	968,38549
4	957,15072
5	942,10122
6	895,16641
7	811,34446
8	698,57853
9	583,83871
10	492,74966
11	422,38725
12	354,61088
13	272,31378
14	220,94206
15	181,31355
16	141,40125
17	113,41575
18	89,42477
19	77,35597
20	68,50910
21	60,83869
22	54,04552
23	51,54765
24	46,73753
25	45,94136
26	45,09938
27	43,54212
28	43,52732
29	43,24722
30	42,50092
31	42,06075
32	41,03736
33	41,03736
34	39,93482
35	38,18636
36	38,18636
37	38,18636
38	37,45527
39	37,45527
40	37,45527
41	37,45527
42	37,45527
43	37,45527
44	36,59934
45	36,59934
46	36,59934
47	36,59934
48	36,34025
49	36,28721
50	36,10505
51	36,10505
52	36,10505
53	36,10505
54	35,67167
55	35,41835
56	35,41835
57	35,01527
58	35,01527
59	35,01527
60	35,01527
61	35,01527
62	35,01527
63	35,01527
64	34,93132
65	34,93132
66	34,93132
67	34,91810
68	34,91810
69	34,91810
70	34,91810
71	34,44275
72	34,10460
73	34,10460
74	34,10460
75	34,10460
76	34,10460
77	34,10460
78	33,58988
79	33,58988
80	33,58988
81	33,52587
82	33,52587
83	33,52587
84	33,16887
85	33,16887
86	33,16887
87	33,16887
88	33,16887
89	32,45241
90	32,45241
91	32,45241
92	32,22632
93	32,22632
94	32,22632
95	32,22632
96	31,18488
97	30,30772
98	30,30772
99	30,30772
100	30,30772
101	30,24331
102	30,24331
103	30,24331
104	30,24331
105	29,72880
106	29,72880
107	29,72880
108	29,72880
109	29,72880
110	29,72880
111	29,16537
112	29,16537
113	29,16537
114	29,16537
115	29,16537
116	29,16537
117	29,13504
118	29,13504
119	29,13504
120	29,13504
121	29,13504
122	29,13504
123	28,77381
124	28,77381
125	28,77381
126	28,77381
127	28,77381
128	28,77381
129	28,68093
130	28,68093
131	28,68093
132	28,58699
133	28,58699
134	28,58699
135	28,58699
136	28,24497
137	28,24497
138	28,24497
139	28,24497
140	28,10938
141	28,10938
142	28,10938
143	28,10938
144	28,10938
145	28,10938
146	28,10938
147	28,08097
148	28,08097
149	28,08097
150	28,08097
151	28,08097
152	28,08097
153	28,08097
154	26,86481
155	26,86481
156	26,86481
157	26,86481
158	26,86481
159	26,86481
160	26,86481
161	26,86481
162	26,86481
163	26,75840
164	26,75840
165	26,75840
166	26,75840
167	26,75840
168	26,75840
169	26,75840
170	26,75840
171	26,75840
172	23,95660
173	23,95660
174	23,95660
175	23,95660
176	23,95660
177	23,95660
178	23,95660
179	23,95660
180	23,95660
181	23,95660
182	23,95660
183	23,76484
184	23,76484
185	23,76484
186	23,76484
187	23,76484
188	23,76484
189	23,76484
190	23,76484
191	23,68132
192	23,68132
193	23,68132
194	23,68132
195	23,68132
196	23,51216
197	23,43624
198	23,43624
199	23,43624
200	23,43624
201	23,43624
202	23,43624
203	23,43624
204	23,43624
205	23,43624
206	22,02245
207	21,84669
208	21,84669
209	21,84669
210	21,84669
211	21,84669
212	21,84669
213	21,82024
214	21,82024
215	21,82024
216	21,82024
217	21,82024
218	21,28957
219	21,28957
220	21,28957
221	21,28957
222	21,28957
223	21,28957
224	21,28957
225	21,28957
226	21,28957
227	21,19498
228	21,19498
229	21,19498
230	21,19498
231	21,19498
232	21,19498
233	21,19498
234	21,19498
235	20,71162
236	20,71162
237	20,71162
238	20,71162
239	20,71162
240	20,71162
241	20,71162
242	20,71162
243	20,71162
244	20,71162
245	19,57467
246	19,57467
247	19,57467
248	19,57467
249	19,57467
250	19,57467
251	19,57467
252	19,57467
253	19,57467
254	19,57467
255	19,37558
256	19,37558
257	19,37558
258	19,36206
259	19,36206
260	19,36206
261	19,04002
262	19,04002
263	19,04002
264	19,04002
265	19,04002
266	19,04002
267	19,04002
268	18,99620
269	18,95106
270	18,95106
271	18,95106
272	18,95106
273	18,95106
274	18,95106
275	18,69606
276	18,69606
277	18,69606
278	18,69606
279	18,69606
280	18,69606
281	18,69606
282	18,63967
283	18,63730
284	18,63730
285	18,63730
286	18,63730
287	18,60882
288	18,60882
289	18,60882
290	18,60882
291	18,60882
292	18,60882
293	18,41652
294	18,41652
295	18,41652
296	18,41652
297	18,41652
298	18,41652
299	18,20345
300	18,20345
301	18,20345
302	18,20345
303	18,20345
304	18,20345
305	18,20345
306	17,58724
307	17,58724
308	17,58724
309	17,58724
310	17,58724
311	17,58724
312	17,58724
313	17,58724
314	17,58724
315	17,58724
316	17,58724
317	17,58724
318	15,05987
319	15,05987
320	15,05987
321	15,05987
322	15,05987
323	15,05987
324	15,05987
325	15,05987
326	15,05987
327	15,05987
328	15,05987
329	15,05987
330	15,05987
331	15,04754
332	15,04754
333	15,04754
334	14,90653
335	14,90653
336	14,90653
337	14,90653
338	14,90653
339	14,90653
340	14,85132
341	14,85132
342	14,42248
343	14,39434
344	14,39434
345	14,39434
346	14,39434
347	14,39434
348	14,39434
349	14,39434
350	14,39434
351	14,25625
352	14,25625
353	14,25625
354	14,25625
355	14,25625
356	14,25625
357	14,25625
358	14,25625
359	14,25625
360	14,22097
361	14,22097
362	14,22097
363	14,04511
364	14,04511
365	14,04511
366	14,04511
367	14,04511
368	14,04511
369	14,04511
370	13,98495
371	13,98495
372	13,53338
373	13,53338
374	13,53338
375	13,53338
376	13,53338
377	13,53338
378	13,53338
379	13,35966
380	13,35966
381	13,35966
382	13,35966
383	13,35966
384	13,35966
385	13,35966
386	13,35966
387	13,15444
388	13,15444
389	13,15444
390	13,15444
391	13,15444
392	13,15444
393	13,12582
394	13,12582
395	13,12582
396	13,12582
397	13,06931
398	13,06931
399	13,06931
400	13,06931
401	13,01134
402	13,00464
403	13,00464
404	13,00464
405	13,00464
406	13,00464
407	13,00464
408	12,88088
409	12,88088
410	12,88088
411	12,88088
412	12,88088
413	12,88088
414	12,88088
415	12,15098
416	12,15098
417	12,15098
418	12,15098
419	12,15098
420	12,15098
421	12,15098
422	12,15098
423	12,15098
424	12,15098
425	12,15098
426	12,08932
427	12,04904
428	12,04904
429	11,89988
430	11,89988
431	11,89988
432	11,89988
433	11,89988
434	11,89988
435	11,47313
436	11,47313
437	11,47313
438	11,47313
439	11,47313
440	11,47313
441	11,47313
442	11,41974
443	11,18867
444	11,18867
445	11,18867
446	11,18867
447	11,17614
448	11,13236
449	11,13236
450	11,13236
451	11,13236
452	11,13236
453	11,13236
454	11,13236
455	11,13236
456	11,13236
457	11,06171
458	11,06171
459	11,06171
460	11,02882
461	11,02882
462	10,97065
463	10,97065
464	10,97065
465	10,97065
466	10,91174
467	10,89523
468	10,83926
469	10,83926
470	10,83926
471	10,83926
472	10,83926
473	10,83926
474	10,44150
475	10,42026
476	10,42026
477	10,42026
478	10,42026
479	10,42026
480	10,42026
481	10,42026
482	10,42026
483	10,27813
484	10,27813
485	10,26545
486	10,21110
487	10,21110
488	10,21110
489	10,21110
490	10,14471
491	10,14471
492	10,14471
493	10,10896
494	10,07078
495	10,07078
496	10,07078
497	10,07078
498	10,07078
499	10,07078
500	10,07078
501	10,07078
502	10,07078
503	10,07078
504	10,07078
505	9,86560
506	9,62864
507	9,62864
508	9,62864
509	9,62864
510	9,62864
511	9,62864
512	9,62864
513	9,62864
514	9,62864
515	9,58504
516	9,58504
517	9,27319
518	9,27319
519	9,27319
520	9,27319
521	9,27319
522	9,27319
523	9,27319
524	9,27319
525	8,93288
526	8,93288
527	8,93288
528	8,93288
529	8,93288
530	8,93288
531	8,93288
532	8,93288
533	8,93288
534	8,93288
535	8,93288
536	8,93288
537	8,93288
538	8,65308
539	8,65308
540	8,65308
541	8,65308
542	8,65308
543	8,65308
544	8,65308
545	8,65308
546	8,65308
547	8,65308
548	8,65308
549	8,65308
550	8,18972
551	8,18972
552	8,18972
553	8,18628
554	8,18628
555	8,18628
556	8,18628
557	8,17223
558	8,17223
559	8,14900
560	8,14900
561	8,10276
562	8,10250
563	8,10250
564	8,04509
565	8,04509
566	8,04509
567	8,04509
568	8,04509
569	8,04509
570	8,04509
571	8,04509
572	8,04509
573	7,89415
574	7,88024
575	7,71938
576	7,56807
577	7,56807
578	7,56807
579	7,56807
580	7,56807
581	7,56807
582	7,48136
583	7,48136
584	7,43279
585	7,30021
586	7,30021
587	7,30021
588	7,30021
589	7,30021
590	7,30021
591	7,30021
592	7,29751
593	7,07455
594	7,05086
595	7,05086
596	7,05086
597	7,05086
598	7,05086
599	7,05086
600	7,05086
601	7,05086
602	7,05086
603	7,00845
604	6,93137
605	6,93137
606	6,93137
607	6,93137
608	6,93137
609	6,93137
610	6,89067
611	6,75906
612	6,75906
613	6,75906
614	6,75906
615	6,50521
616	6,48722
617	6,48722
618	6,48722
619	6,44199
620	6,44199
621	6,44199
622	6,41180
623	6,41180
624	6,41180
625	6,41180
626	6,39974
627	6,39974
628	6,24145
629	6,24145
630	6,24145
631	6,24145
632	6,24145
633	6,05205
634	6,05205
635	6,05205
636	6,05205
637	6,05205
638	6,05205
639	6,05205
640	6,05205
641	6,03418
642	6,03418
643	5,95238
644	5,91367
645	5,91367
646	5,91008
647	5,84160
648	5,84160
649	5,84160
650	5,80779
651	5,80779
652	5,80779
653	5,80779
654	5,80779
655	5,80779
656	5,64221
657	5,64208
658	5,64208
659	5,53781
660	5,53781
661	5,53781
662	5,53781
663	5,41871
664	5,41871
665	5,40260
666	5,40260
667	5,40260
668	5,27914
669	5,27914
670	5,27914
671	5,27914
672	5,27914
673	5,21149
674	5,21149
675	5,21149
676	5,21149
677	5,21149
678	5,13152
679	5,13152
680	5,09072
681	5,06975
682	5,06975
683	5,06925
684	5,06925
685	5,06925
686	5,02635
687	5,02021
688	5,02021
689	5,02021
690	5,02021
691	5,02021
692	5,02021
693	4,98883
694	4,98883
695	4,95740
696	4,94636
697	4,88110
698	4,88110
699	4,88110
700	4,88110
701	4,83904
702	4,81712
703	4,81712
704	4,80861
705	4,80661
706	4,78249
707	4,78249
708	4,78249
709	4,78249
710	4,78249
711	4,77086
712	4,77086
713	4,73209
714	4,73209
715	4,73209
716	4,63169
717	4,60311
718	4,60311
719	4,60311
720	4,60311
721	4,60311
722	4,60311
723	4,49021
724	4,49021
725	4,48988
726	4,48766
727	4,45223
728	4,45223
729	4,45223
730	4,45223
731	4,45223
732	4,45223
733	4,41233
734	4,41233
735	4,40164
736	4,40164
737	4,38252
738	4,38252
739	4,30121
740	4,26395
741	4,26395
742	4,26395
743	4,26395
744	4,23729
745	4,23729
746	4,19910
747	4,19910
748	4,17908
749	4,17908
750	4,17005
751	4,17005
752	4,17005
753	4,11123
754	4,11123
755	4,11123
756	3,89384
757	3,89279
758	3,89279
759	3,89279
760	3,89279
761	3,89279
762	3,88791
763	3,88791
764	3,86709
765	3,84827
766	3,84827
767	3,83028
768	3,83028
769	3,79418
770	3,75832
771	3,75832
772	3,74892
773	3,74892
774	3,74892
775	3,74892
776	3,67195
777	3,58717
778	3,51888
779	3,51888
780	3,51888
781	3,51888
782	3,51888
783	3,49701
784	3,42863
785	3,42063
786	3,41187
787	3,41187
788	3,37323
789	3,35871
790	3,35871
791	3,35871
792	3,35850
793	3,35850
794	3,35850
795	3,35051
796	3,24469
797	3,16905
798	3,16905
799	3,16905
800	3,16905
801	3,16905
802	3,15439
803	3,07883
804	3,00629
805	3,00629
806	2,98868
807	2,98868
808	2,98868
809	2,98868
810	2,98868
811	2,98868
812	2,98868
813	2,93455
814	2,92001
815	2,92001
816	2,92001
817	2,86195
818	2,85856
819	2,85735
820	2,85735
821	2,85735
822	2,85735
823	2,85735
824	2,82104
825	2,82104
826	2,82104
827	2,82104
828	2,82104
829	2,82104
830	2,78638
831	2,72963
832	2,72963
833	2,72963
834	2,72963
835	2,72963
836	2,69187
837	2,69187
838	2,69187
839	2,68652
840	2,67188
841	2,65731
842	2,65731
843	2,65731
844	2,65731
845	2,65731
846	2,65731
847	2,65731
848	2,65092
849	2,61191
850	2,55039
851	2,55039
852	2,55039
853	2,55039
854	2,55039
855	2,55039
856	2,55039
857	2,55039
858	2,52160
859	2,50013
860	2,49061
861	2,44137
862	2,44137
863	2,44137
864	2,44137
865	2,44137
866	2,44137
867	2,44137
868	2,37966
869	2,31492
870	2,31492
871	2,31492
872	2,31492
873	2,31492
874	2,29577
875	2,29577
876	2,29577
877	2,27286
878	2,24463
879	2,22798
880	2,20010
881	2,14624
882	2,14624
883	2,14624
884	2,14624
885	2,14624
886	2,14624
887	2,14008
888	2,14008
889	2,14008
890	2,06354
891	2,06354
892	2,01702
893	2,01702
894	2,01702
895	2,01702
896	1,98304
897	1,97810
898	1,97810
899	1,97810
900	1,96242
901	1,96242
902	1,94965
903	1,92794
904	1,91906
905	1,91589
906	1,87073
907	1,87073
908	1,86715
909	1,84929
910	1,84929
911	1,82948
912	1,80403
913	1,80403
914	1,77179
915	1,77179
916	1,76822
917	1,76712
918	1,75177
919	1,75140
920	1,74615
921	1,73349
922	1,67081
923	1,66864
924	1,66864
925	1,66864
926	1,66864
927	1,65677
928	1,65564
929	1,63570
930	1,63386
931	1,59376
932	1,59376
933	1,57958
934	1,57908
935	1,57558
936	1,55780
937	1,54681
938	1,52588
939	1,51121
940	1,51121
941	1,50122
942	1,47462
943	1,46960
944	1,46794
945	1,46346
946	1,45742
947	1,45742
948	1,45638
949	1,43234
950	1,43079
951	1,43079
952	1,39888
953	1,39888
954	1,39537
955	1,39537
956	1,39537
957	1,39494
958	1,38439
959	1,38171
960	1,37587
961	1,36533
962	1,35845
963	1,35681
964	1,34872
965	1,34292
966	1,34292
967	1,33704
968	1,33347
969	1,33098
970	1,33047
971	1,32630
972	1,32064
973	1,31863
974	1,31181
975	1,31173
976	1,30952
977	1,30952
978	1,30299
979	1,30235
980	1,30186
981	1,30186
982	1,30069
983	1,29603
984	1,29370
985	1,29215
986	1,28616
987	1,27771
988	1,27274
989	1,26740
990	1,26102
991	1,26102
992	1,25858
993	1,25684
994	1,25154
995	1,24792
996	1,24248
997	1,23748
998	1,23240
999	1,22981
1000	1,22738
1001	1,22435
1002	1,22345
1003	1,21063
1004	1,20225
1005	1,20032
1006	1,19800
1007	1,19631
1008	1,19291
1009	1,18426
1010	1,18206
1011	1,18198
1012	1,17694
1013	1,17218
1014	1,17014
1015	1,17014
1016	1,16602
1017	1,16449
1018	1,15252
1019	1,14657
1020	1,14224
1021	1,13949
1022	1,13850
1023	1,13731
1024	1,13331
1025	1,13156
1026	1,12245
1027	1,12178
1028	1,11959
1029	1,11670
1030	1,11108
1031	1,10769
1032	1,09686
1033	1,09217
1034	1,08654
1035	1,08153
1036	1,08107
1037	1,08076
1038	1,07766
1039	1,07558
1040	1,07328
1041	1,07205
1042	1,06854
1043	1,06493
1044	1,06428
1045	1,06245
1046	1,06153
1047	1,05990
1048	1,05381
1049	1,05011
1050	1,05011
1051	1,04589
1052	1,04389
1053	1,04125
1054	1,03982
1055	1,03869
1056	1,03744
1057	1,03490
1058	1,03391
1059	1,03193
1060	1,02962
1061	1,02562
1062	1,02451
1063	1,01877
1064	1,01661
1065	1,01314
1066	1,00675
1067	0,99919
1068	0,99628
1069	0,99115
1070	0,98396
1071	0,97921
1072	0,96560
1073	0,95866
1074	0,94047
1075	0,91265
1076	0,87621
1077	0,85501
1078	0,75003
1079	0,74056
1080	0,71205
1081	0,67412
1082	0,62837
1083	0,58932
1084	0,52795
1085	0,50785
1086	0,47091
1087	0,43540
1088	0,37824
1089	0,36125
1090	0,33332
1091	0,29120
1092	0,25335
1093	0,19339
1094	0,16511
1095	0,14511
1096	0,12507
1097	0,09474
1098	0,07742
1099	0,06441
1100	0,05310
1101	0,04736
1102	0,03727
1103	0,02915
1104	0,02357
1105	0,01915
1106	0,01605
1107	0,01217
1108	0,00959
1109	0,00797
1110	0,00563
1111	0,00457
1112	0,00355
1113	0,00280
1114	0,00215
1115	0,00175
1116	0,00132
1117	0,00103
1118	0,00085
1119	0,00059
1120	0,00047
1121	0,00041
1122	0,00028
1123	0,00020
1124	0,00018
1125	0,00014
1126	0,00010
1127	0,00008
1128	0,00006
1129	0,00005
1130	0,00004
1131	0,00003
1132	0,00002
1133	0,00002
1134	0,00001
1135	0,00001
1136	0,00001
1137	0,00001
1138	0,00001
1139	0,00001
1140	0,00000
1141	0,00000
1142	0,00000
1143	0,00000
1144	0,00000
1145	0,00000
1146	0,00000
1147	0,00000
1148	0,00000
1149	0,00000
1150	0,00000
1151	0,00000
1152	0,00000
1153	0,00000
1154	0,00000
1155	0,00000
1156	0,00000
1157	0,00000
1158	0,00000
1159	0,00000
1160	0,00000
1161	0,00000
1162	0,00000
1163	0,00000
1164	0,00000
1165	0,00000
1166	0,00000
1167	0,00000
1168	0,00000
1169	0,00000
1170	0,00000
1171	0,00000
1172	0,00000
1173	0,00000
1174	0,00000
1175	0,00000
1176	0,00000
1177	0,00000
1178	0,00000
1179	0,00000
1180	0,00000
1181	0,00000
1182	0,00000
1183	0,00000
1184	0,00000
1185	0,00000
1186	0,00000
1187	0,00000
1188	0,00000
1189	0,00000
1190	0,00000
1191	0,00000
1192	0,00000
1193	0,00000
1194	0,00000
1195	0,00000
1196	0,00000
1197	0,00000
1198	0,00000
1199	0,00000
1200	0,00000
1201	0,00000
1202	0,00000
1203	0,00000
1204	0,00000
1205	0,00000
1206	0,00000
1207	0,00000
1208	0,00000
1209	0,00000
1210	0,00000
1211	0,00000
1212	0,00000
1213	0,00000
1214	0,00000
1215	0,00000
1216	0,00000
1217	0,00000
1218	0,00000
1219	0,00000
1220	0,00000
1221	0,00000
1222	0,00000
1223	0,00000
1224	0,00000
1225	0,00000
1226	0,00000
1227	0,00000
1228	0,00000
1229	0,00000
1230	0,00000
1231	0,00000
1232	0,00000
1233	0,00000
1234	0,00000
1235	0,00000
1236	0,00000
1237	0,00000
1238	0,00000
1239	0,00000
1240	0,00000
1241	0,00000
1242	0,00000
1243	0,00000
1244	0,00000
1245	0,00000
1246	0,00000
1247	0,00000
1248	0,00000
1249	0,00000
1250	0,00000
1251	0,00000
1252	0,00000
1253	0,00000
1254	0,00000
1255	0,00000
1256	0,00000
1257	0,00000
1258	0,00000
1259	0,00000
1260	0,00000
1261	0,00000
1262	0,00000
1263	0,00000
1264	0,00000
1265	0,00000
1266	0,00000
1267	0,00000
1268	0,00000
1269	0,00000
1270	0,00000
1271	0,00000
1272	0,00000
1273	0,00000
1274	0,00000
1275	0,00000
1276	0,00000
1277	0,00000
1278	0,00000
1279	0,00000
1280	0,00000
1281	0,00000
1282	0,00000
1283	0,00000
1284	0,00000
1285	0,00000
1286	0,00000
1287	0,00000
1288	0,00000
1289	0,00000
1290	0,00000
1291	0,00000
1292	0,00000
1293	0,00000
1294	0,00000
1295	0,00000
1296	0,00000
1297	0,00000
1298	0,00000
1299	0,00000
1300	0,00000
1301	0,00000
1302	0,00000
1303	0,00000
1304	0,00000
1305	0,00000
1306	0,00000
1307	0,00000
1308	0,00000
1309	0,00000
1310	0,00000
1311	0,00000
1312	0,00000
1313	0,00000
1314	0,00000
1315	0,00000
1316	0,00000
1317	0,00000
1318	0,00000
1319	0,00000
1320	0,00000
1321	0,00000
1322	0,00000
1323	0,00000
1324	0,00000
1325	0,00000
1326	0,00000
1327	0,00000
1328	0,00000
1329	0,00000
1330	0,00000
1331	0,00000
1332	0,00000
1333	0,00000
1334	0,00000
1335	0,00000
1336	0,00000
1337	0,00000
1338	0,00000
1339	0,00000
1340	0,00000
1341	0,00000
1342	0,00000
1343	0,00000
1344	0,00000
1345	0,00000
1346	0,00000
1347	0,00000
1348	0,00000
1349	0,00000
1350	0,00000
1351	0,00000
1352	0,00000
1353	0,00000
1354	0,00000
1355	0,00000
1356	0,00000
1357	0,00000
1358	0,00000
1359	0,00000
1360	0,00000
1361	0,00000
1362	0,00000
1363	0,00000
1364	0,00000
1365	0,00000
1366	0,00000
1367	0,00000
1368	0,00000
1369	0,00000
1370	0,00000
1371	0,00000
1372	0,00000
1373	0,00000
1374	0,00000
1375	0,00000
1376	0,00000
1377	0,00000
1378	0,00000
1379	0,00000
1380	0,00000
1381	0,00000
1382	0,00000
1383	0,00000
1384	0,00000
1385	0,00000
1386	0,00000
1387	0,00000
1388	0,00000
1389	0,00000
1390	0,00000
1391	0,00000
1392	0,00000
1393	0,00000
1394	0,00000
1395	0,00000
1396	0,00000
1397	0,00000
1398	0,00000
1399	0,00000
1400	0,00000
1401	0,00000
1402	0,00000
1403	0,00000
1404	0,00000
1405	0,00000
1406	0,00000
1407	0,00000
1408	0,00000
1409	0,00000
1410	0,00000
1411	0,00000
1412	0,00000
1413	0,00000
1414	0,00000
1415	0,00000
1416	0,00000
1417	0,00000
1418	0,00000
1419	0,00000
1420	0,00000
1421	0,00000
1422	0,00000
1423	0,00000
1424	0,00000
1425	0,00000
1426	0,00000
1427	0,00000
1428	0,00000
1429	0,00000
1430	0,00000
1431	0,00000
1432	0,00000
1433	0,00000
1434	0,00000
1435	0,00000
1436	0,00000
1437	0,00000
1438	0,00000
1439	0,00000
1440	0,00000
1441	0,00000
1442	0,00000
1443	0,00000
1444	0,00000
1445	0,00000
1446	0,00000
1447	0,00000
1448	0,00000
1449	0,00000
1450	0,00000
1451	0,00000
1452	0,00000
1453	0,00000
1454	0,00000
1455	0,00000
1456	0,00000
1457	0,00000
1458	0,00000
1459	0,00000
1460	0,00000
1461	0,00000
1462	0,00000
1463	0,00000
1464	0,00000
1465	0,00000
1466	0,00000
1467	0,00000
1468	0,00000
1469	0,00000
1470	0,00000
1471	0,00000
1472	0,00000
1473	0,00000
1474	0,00000
1475	0,00000
1476	0,00000
1477	0,00000
1478	0,00000
1479	0,00000
1480	0,00000
1481	0,00000
1482	0,00000
1483	0,00000
1484	0,00000
1485	0,00000
1486	0,00000
1487	0,00000
1488	0,00000
1489	0,00000
1490	0,00000
1491	0,00000
1492	0,00000
1493	0,00000
1494	0,00000
1495	0,00000
1496	0,00000
1497	0,00000
1498	0,00000
1499	0,00000
1500	0,00000
